股票代码,板块名称,当前强度_0930,当前涨幅_0930,净额_0930,成交额_0930,主力买_0930,主力卖_0930,量比_0930,流通市值_0930,300w大单净额_0930,当前强度_1500,当前涨幅_1500,净额_1500,成交额_1500,主力买_1500,主力卖_1500,量比_1500,流通市值_1500,300w大单净额_1500
801001,芯片,-7605,-0.057,65098733,1476008553,342663006,-277564273,2.573,7317145354368,81979600,2578,0.911,-521049322,168379317220,22072624748,-22593674070,1.089,7381074372224,67056000
801004,锂电池,-3412,-0.12,8333730,542485388,26242940,-17909210,2.237,5889924786560,0,589,0.975,-159911212,68932001572,4131215327,-4291126539,1.02,5928572272233,89456600
801008,高送转,7,0.077,0,109891760,0,0,3.051,943333571451,0,106,1.069,3229033,12635853482,17477548,-14248515,1.314,948728752313,0
801009,充电桩,-1803,-0.038,16067494,250555517,33101308,-17033814,2.312,1073280580288,6836300,44,1.915,98344304,28199553076,2082538144,-1984193840,1.082,1097647142336,33191400
801012,钢铁,-8,-0.081,1361212,29361665,4210149,-2848937,1.343,734673923700,0,22,0.225,-95899180,4930631769,707059625,-802958805,1.047,734565954704,-64534100
801014,行业龙头,-18,-0.185,-2981156,1187566346,2772260,-5753416,1.779,22774504882944,0,34,0.392,-399789027,167384534846,1693822756,-2093611783,1.062,22868217877408,-139858000
801016,稀土永磁,-10,-0.109,-2410351,67084841,3681654,-6092005,1.619,818713683562,0,82,0.823,-54310415,10266314674,818234652,-872545067,1.071,823647968564,3766480
801019,物流,-799,0.082,-8752884,200804595,12617207,-21370091,3.57,1330277723264,1022280,556,0.711,-221762421,16284177318,1147799351,-1369561772,1.068,1335466985984,11052900
801022,换电站,-6,-0.062,5051063,69670003,16018802,-10967739,2.111,473146177782,-412132,172,1.725,-108763299,8059115585,786663258,-895426557,0.956,479480835868,-182589000
801027,银行,-15,-0.16,-26487402,96338547,30043837,-56531239,2.076,6780500954523,9117760,-633,-1.337,-1338933586,16058914771,5816163331,-7155096917,1.205,6694804933636,-211684000
801031,文化传媒,-1635,-0.159,54584789,626569077,176625341,-122040552,2.15,1338516987712,27508800,2075,0.129,-677670182,60537094294,8471609690,-9149279872,0.839,1339911630979,137660000
801032,深圳国资改革,-14,-0.144,0,31367947,0,0,3.947,105157224203,0,34,0.348,-501289,2526777702,6109007,-6610296,1.104,104813406774,0
801033,国企改革,-22,-0.225,-5827543,909272982,34248500,-40076043,2.152,7069327482304,0,20,0.306,-372789555,99462584251,2127218743,-2500008298,1.016,7058647184727,-70707900
801035,酿酒,-382,0.18,1021470,246878456,46969898,-45948428,3.919,4401229577472,1800760,3263,2.639,1164732776,32516354165,9340249311,-8175516535,1.334,4521249761536,251145000
801038,维生素,-14,-0.142,0,3093752,0,0,0.676,167363211232,0,-17,-0.179,10084263,1110221128,85700533,-75616270,0.991,167748601877,6596940
801039,机场航空,-7,-0.07,-553110,71913620,1968229,-2521339,4.502,590517526219,0,19,0.196,-79831681,4560250315,568535911,-648367592,1.248,594119103113,10590400
801040,造纸,6,0.068,4746506,29995939,4746506,0,2.496,164718979517,0,151,1.51,100764625,3054602118,344492245,-243727620,1.648,167828862867,0
801044,土地流转,-234,-0.346,-6886531,123553237,8274115,-15160646,7.505,337649840576,0,-6,0.149,-91418034,5135029238,189767720,-281185754,1.125,339836287223,0
801045,医药,-2527,-0.027,13426619,444666682,70009926,-56583307,1.799,6068304485728,14846800,-450,-0.257,-840115776,71807186535,6901299960,-7741415736,1.009,6063051597464,-24056100
801046,医疗器械,-807,0.058,18953221,205942538,65779071,-46825850,2.843,1760826846432,18304200,-11,-0.089,42979316,22897564766,2142633960,-2099654644,1.024,1759500386902,142318000
801047,钠电池,-4,-0.047,-1811400,101443241,0,-1811400,2.283,1546027329378,0,81,0.813,-43425539,13359065720,190471324,-233896863,1.011,1549643984690,-6695120
801048,黄金,-40,-0.403,-2616639,55694721,3109536,-5726175,1.568,810605768512,0,38,0.493,-143358998,7485282407,631688873,-775047871,1.083,811200773258,-48677800
801049,租售同权,-43,-0.438,0,13640992,0,0,0.974,454343899022,0,44,0.443,-15410074,2811592878,11068674,-26478748,0.829,456192537474,0
801050,彩票概念,28,0.283,0,169890411,0,0,2.779,141796244583,0,32,0.837,-7944389,8991084182,49799651,-57744040,0.861,142003370322,-315396
801052,环保,-10,-0.108,-13928109,204748981,26626962,-40555071,2.575,1661183216435,-814784,-131,0.182,-341779794,23039119396,1518121927,-1859901721,1.05,1665092091867,-64832500
801053,零售,-1222,-0.175,-735439,542907399,30575495,-31310934,2.885,2695445223168,1022280,68,0.85,-242614331,46717026416,1955236260,-2197850591,0.966,2740066796910,-30536900
801057,石油石化,-399,0.006,-294055,75844521,14756922,-15050977,2.493,2741548837504,-3726000,8,0.297,-156106166,9516224870,1604331634,-1760437800,1.077,2726354005163,-118343000
801062,军工,-3601,-0.011,-16145668,714809055,75105722,-91251390,2.546,4346131394496,20143400,61,0.748,-916318720,85617289753,6322316750,-7238635470,1.114,4360477109632,-128633000
801067,面板,-2013,-0.131,2865684,401092053,65713247,-62847563,2.769,1990823129728,17406500,105,1.101,-348386348,45492584131,4272157761,-4620544109,1.149,2014761438400,-118313000
801070,光伏,-2711,-0.115,8457682,853803733,136966174,-128508492,2.029,6604493937728,10754300,-144,0.839,235461467,105873057142,10176327459,-9940865992,1.062,6673509752320,354136000
801071,保险,0,0.009,-319180,25349848,11438035,-11757215,1.137,1841562875483,0,-24,-0.243,247798461,5335650316,1979178461,-1731380000,0.972,1835946127827,-36245200
801074,核电,6,0.063,3221859,107208741,35564050,-32342191,3.117,803062120192,16012500,65,0.794,-82273724,9758725774,1081231752,-1163505476,1.282,801162045783,-20618100
801075,自主可控,46,0.46,-1938286,140288862,17409347,-19347633,4.671,382637330240,0,48,0.778,-378213596,14448924662,979895971,-1358109567,1.304,383708305667,-137428000
801076,乡村振兴,-193,0.07,-2227683,77258984,365200,-2592883,2.046,817096815168,0,68,0.878,-64540086,11282090636,382260440,-446800526,1.1,821474171051,5050130
801080,煤炭,-7,-0.08,-812436,29498792,4547941,-5360377,1.056,1459203606640,0,32,0.329,66684795,7536310119,1495424365,-1428739570,1.115,1473253214113,2240000
801081,证券,-28,-0.286,-3983777,72840581,14624557,-18608334,1.279,2334793072952,0,-77,-0.777,-1335260281,14787346459,3742074758,-5077335039,1.02,2319401930225,-274258000
801082,ST摘帽,312,0.124,6179789,378399019,37773509,-31593720,3.612,1600860923840,0,345,0.569,-281291051,28276355600,1617839491,-1899130542,1.054,1607146255278,-21687400
801083,电阻电容,-3,-0.032,0,8112285,0,0,1.254,266070922703,0,142,1.421,-7509131,2445498947,125288087,-132797218,1.079,268071837441,4450850
801085,人工智能,-694,0.06,15204701,3925784299,661252319,-646047618,3.222,8012179011392,-33103700,6460,0.767,-2037428891,330241162602,36515111800,-38552540691,1.097,8055153762816,819531000
801086,玻璃,0,0.005,136753,13006741,1014396,-877643,1.712,297320428099,0,181,1.811,83534197,3009810570,507445198,-423911001,1.238,305385664667,-3983940
801087,风电,-618,-0.186,-1173609,318325961,64399074,-65572683,2.107,2198750673344,22548000,-728,-0.22,-614409653,30218088606,2501301519,-3115711172,0.958,2182141514496,-41595300
801088,有色金属,-219,-0.195,4405741,121922021,14424542,-10018801,1.446,2444059431232,0,564,0.698,-390781121,22960154126,1999757479,-2390538600,1.064,2452927124672,513142
801092,蓄电池,-15,-0.151,0,4677693,0,0,0.772,104737064121,0,91,0.916,-819470,1460163674,799908,-1619378,1.031,105679336930,0
801093,天然气,17,0.176,-3248395,75298755,13217759,-16466154,2.485,2591731349232,0,43,0.487,-120074902,10206584884,952791871,-1072866773,1.084,2576901602683,5094790
801095,游戏,-7,-0.074,-41436369,603525397,174121204,-215557573,3.015,849821554202,19065900,993,0.07,-2336785065,51474136738,10381328956,-12718114021,0.961,850274239800,-553599000
801096,钽电容,10,0.1,0,1099965,0,0,0.526,70451029746,0,-44,-0.446,-2710352,542454112,8790193,-11500545,0.831,69412865387,0
801097,流感,-18,-0.084,-422352,18021906,0,-422352,1.4,412383868480,0,-36,-0.262,-16806405,4327330360,108176093,-124982498,1.038,412327508765,-7214420
801099,覆铜板,-330,0.691,5245334,102697051,10827007,-5581673,2.928,272547948096,0,203,2.277,79860819,9832250079,616122438,-536261619,1.203,276051844711,63415700
801100,多胎概念,-9,-0.095,144134,105784995,5511602,-5367468,1.886,613575728816,0,42,0.511,-78899952,14226227262,641455164,-720355116,0.923,616223375816,12228900
801102,涤纶,-3,-0.034,151892,16984676,5410135,-5258243,1.774,381873165625,0,62,1.149,-28700993,2595616100,329090235,-357791228,1.31,385930218201,25695400
801104,开板次新,0,0.0,0,0,0,0,0.0,0,0,0,0.0,0,0,0,0,0.0,0,0
801112,互联网金融,-1623,-0.097,3018122,249192468,24231204,-21213082,4.45,1017890451584,-3025490,-32,-0.044,-649246812,25817761066,2897174445,-3546421257,1.137,1015938439643,-138431000
801114,外贸,-603,0.067,-10236974,299949384,14164506,-24401480,4.423,681568231424,0,142,1.798,-42424751,21485250851,621455996,-663880747,1.358,696219032695,-13061500
801115,海南,-11,-0.111,-1221593,139272496,4960914,-6182507,3.302,374565303851,0,-20,-0.208,-35867987,8187757592,222593198,-258461185,0.97,374589215282,3218690
801117,港口,-9,-0.098,8854,9461505,340613,-331759,1.255,419841718091,0,-78,-0.787,-38215436,1616822298,226050029,-264265465,0.81,415784707781,-10204600
801120,电力,-5,-0.053,121084,150560756,15432657,-15311573,1.777,2052611271886,0,-224,-1.241,-686079799,17034891381,2133346165,-2819425964,1.058,2010389133865,-156131000
801122,壳资源,-404,-0.043,-539508,90283454,2954129,-3493637,2.139,354709097408,0,122,1.291,-39801476,10560043633,528575957,-568377433,1.15,358833586196,-7684900
801123,服装家纺,-15,-0.157,1785450,98214530,19177307,-17391857,2.5,460206279544,-814784,123,1.309,-86348792,10501395047,720294678,-806643470,1.017,467136754518,-15467900
801126,期货概念,-39,-0.391,-1541272,22905998,1591133,-3132405,1.67,630758722212,0,-85,-0.851,-15448264,4129383701,628864064,-644312328,1.069,622973286027,-74065200
801127,海航系,-91,-0.912,0,745316,0,0,1.324,20868078994,0,-182,-1.822,1499358,97726446,7482434,-5983076,0.768,20749945005,0
801128,国产软件,-384,0.283,32902074,779609109,121418568,-88516494,3.383,1909155477760,19436000,-10,0.244,-411762872,61211468575,6131864627,-6543627499,0.997,1912143326105,-1786580
801132,粤港澳,-16,-0.168,-710169,70968454,2608190,-3318359,1.736,545643314346,0,58,0.59,-60063138,9262510467,291202068,-351265206,0.937,547272615774,-8942830
801136,安防,-29,-0.298,1506462,56079016,14219619,-12713157,1.662,422484746694,-3798000,8,0.083,-415139804,7967707772,1246494822,-1661634626,0.941,418737283588,-29814900
801137,醋酸,-2,-0.026,0,710645,0,0,0.846,95895884753,0,71,0.71,-40089609,514194582,61396600,-101486209,1.108,96473364024,-3579050
801138,超级电容,-15,-0.151,460000,54639298,460000,0,3.943,302425064731,0,110,1.102,1528728,4231396778,7571993,-6043265,1.059,304615854209,0
801139,培育钻石,-13,-0.136,0,4224085,0,0,1.74,106874680969,0,130,1.308,-1725667,1512639965,28017871,-29743538,2.126,106802404327,0
801142,蚂蚁金服概念,-9,-0.093,3488192,156951776,12521830,-9033638,4.89,2708178456112,0,-5,0.127,10736752,19587527108,1335667645,-1324930893,1.012,2703347228274,18168300
801144,医美,-196,0.032,550416,88230966,6099445,-5549029,2.52,734737997184,0,21,0.391,38985125,11130895883,640152409,-601167284,1.024,737759039239,-19354000
801146,阿里巴巴概念,-17,-0.171,-1586832,273829063,2396681,-3983513,1.779,909384341990,0,5,0.471,-44078862,35202867900,330533297,-374612159,0.886,915759616902,-6906360
801148,碳中和,-217,-0.177,8548553,268388474,26666766,-18118213,1.794,3579885664129,5904310,-374,-0.246,-75056680,34820046561,1019547488,-1094604168,1.116,3539802555073,8763890
801149,社区团购,8,0.083,0,17226420,0,0,2.91,145869040832,0,71,0.716,4550438,2440024364,143553108,-139002670,1.407,147156369714,11688300
801153,创投,-1729,-0.031,8384055,346967874,38475580,-30091525,4.186,1133766897152,0,36,0.797,-19051004,27731448401,1131316990,-1150367994,1.023,1140668897956,66585100
801157,智慧停车,-414,-0.148,0,7663688,0,0,0.87,91718824704,0,103,1.037,22030118,2239064179,203827704,-181797586,1.037,92861807785,-4530570
801159,机器人概念,-1212,-0.086,2542261,710868306,35959931,-33417670,2.866,2182517233024,-4252720,170,2.022,-53037961,61438093176,2150941581,-2203979542,1.11,2242219000128,34514200
801162,超跌,-9,-0.091,1823444,470571566,26857994,-25034550,2.707,2276684583296,-6089780,66,0.83,-144483674,55308709188,1643217812,-1787701486,0.984,2292055303360,3163160
801164,自行车,-92,-0.927,0,6504148,0,0,1.337,47898631961,0,77,0.777,-6766992,1641295899,8178349,-14945341,0.974,49127622995,0
801165,氢能源,-604,-0.047,5790041,334791785,16544203,-10754162,2.669,5610360109952,3344640,113,1.263,128910844,43003214795,1446516878,-1317606034,1.186,5637869443247,75257700
801166,上海国资改革,8,0.09,-6946272,109838717,5754466,-12700738,8.643,514717145024,0,-25,0.063,-110622552,4203135946,252716637,-363339189,1.506,512882165579,-1367190
801168,工业气体,-62,-0.621,0,2642166,0,0,0.658,77481955230,0,32,0.33,1782094,763708968,36575864,-34793770,0.852,77749526600,0
801169,VR/AR/MR,-2135,-0.155,40732544,618374047,92294534,-51561990,2.202,1692118591680,26622900,367,0.817,-464877430,64890565746,3071045341,-3535922771,0.916,1710216172096,-15827600
801170,金融科技,-608,0.093,-1674331,228675815,1502249,-3176580,4.998,562737169408,0,2,0.397,16242069,21449674347,215005461,-198763392,1.039,564008215341,0
801175,聚丙烯,-5,-0.053,-542638,9531680,0,-542638,0.825,1331499814379,0,63,0.631,734610,3169547279,32487488,-31752878,1.217,1327973353441,3576870
801178,储能,-2019,-0.198,24865460,597994967,66172151,-41306691,2.275,5227236495936,13696500,1080,0.898,-48257229,70666227663,5342691466,-5390948695,1.129,5236724594560,-12407900
801182,雄安新区,-20,-0.1,-2712955,101127652,471723,-3184678,3.218,766408790693,0,2,0.169,-37795735,11893248585,413116436,-450912171,1.045,765213611087,-23282400
801184,包装印刷,7,0.077,0,172555658,0,0,2.842,343868922497,0,129,1.424,-16460018,10352390423,137663958,-154123976,1.159,348789090485,-4529000
801190,卫星导航,-391,0.081,-806645,126095422,11525974,-12332619,2.042,785706326976,0,36,0.419,-201497716,16659053599,1294120454,-1495618170,1.063,786997589745,-45852800
801193,知识产权,-30,-0.3,-5772659,242892473,8022147,-13794806,1.96,385519373078,0,-237,-0.866,-42307023,23449584261,1248519686,-1290826709,0.827,380259191782,-34568700
801196,LED,-8,-0.088,-3971371,73873557,9721628,-13692999,5.316,228523329309,0,143,1.433,-97004330,5697065268,297700527,-394704857,1.303,231396701711,3315470
801198,送转填权,-1218,-0.182,-392667,325365009,22849783,-23242450,2.602,1037319509568,-4252720,56,0.789,-193952652,35503300294,984611200,-1178563852,1.15,1046206153112,-875332
801199,汽车零部件,-8801,-0.018,-3002826,1177319021,211796998,-214799824,3.226,6445527033088,52349600,12396,3.016,974855265,133635923991,14711944708,-13737089443,1.404,6565914476704,923820000
801200,互联网医疗,-4,-0.043,-2537013,52912587,2618836,-5155849,1.127,421964825369,0,-210,-1.11,-122279524,8370678393,358969748,-481249272,0.842,418575246292,-23801200
801202,世界杯概念,-189,0.104,3149540,200432035,6507290,-3357750,3.764,317877768320,0,208,2.466,-46428981,14272073346,202256341,-248685322,1.08,329777444826,8013290
801209,振兴东北,11,0.116,-797788,52250700,0,-797788,8.342,229314088192,0,-3,0.211,-5827753,2332125336,13547210,-19374963,1.027,229805223828,0
801210,操作系统,-802,0.213,9542948,263091013,62040813,-52497865,4.691,804474388736,-16649600,52,0.752,77000718,27392283710,4358686739,-4281686021,0.96,801216080186,93636300
801211,新疆,-23,-0.235,0,17446533,0,0,1.061,295665975936,0,0,0.299,-265002,3320121325,57391032,-57656034,0.855,294372658320,-3304330
801215,徐翔概念股,-19,-0.199,0,1919015,0,0,1.058,21427343952,0,25,0.259,-2414504,346615861,5852821,-8267325,0.576,21557821677,0
801216,印制电路板,13,0.135,17762735,223638807,74412789,-56650054,3.098,461308944832,40530800,162,1.629,-50080504,19659574961,2345705325,-2395785829,1.163,467350429320,101685000
801218,华为概念 ,-1985,0.15,-10975738,1782388909,234864480,-245840218,2.823,5947353889984,-37823800,3404,1.159,533570384,168537759038,7442024196,-6908453812,1.063,5991780949248,337427000
801220,食品饮料,-206,-0.062,-1133306,164095441,22206793,-23340099,3.13,1857268697920,0,616,1.163,-2957893,20453101570,2199081083,-2202038976,1.207,1881596009658,75550200
801227,烟草,1,0.013,0,23576288,0,0,1.048,189943745132,0,57,0.578,-5453417,3143693246,29111061,-34564478,0.806,191108265992,0
801232,环球影城,-102,-1.028,0,32360355,0,0,11.691,36649272960,0,-2,-0.025,0,979094210,0,0,0.782,37080466839,0
801234,航运,-20,-0.207,-3093160,38958682,6102559,-9195719,1.902,627540245733,0,-7,-0.07,-40926228,5879400739,660866678,-701792906,1.101,626354355205,-11735700
801235,化工,-5404,-0.04,552230,324487305,19105334,-18553104,2.0,7973791608288,0,70,0.733,-496282551,54146917475,2992230112,-3488512663,1.114,7995479444985,-192359000
801241,核污染防治,9,0.098,-542638,9319680,0,-542638,1.773,188216179329,0,91,0.917,-20521316,1967490259,106101131,-126622447,1.241,191461167300,-17127100
801243,宠物经济,28,0.282,-397120,3005640,0,-397120,1.371,39070009979,0,102,1.027,-19416551,556737750,22091144,-41507695,1.377,39158868425,0
801246,水务,6,0.069,-1659982,6457495,0,-1659982,1.217,115749252216,0,12,0.128,-68855006,1309853518,83735539,-152590545,0.984,114980967012,-45320900
801248,智能驾驶,-2603,0.015,-1562145,894324032,28575673,-30137818,2.839,3398727344384,6577620,5682,1.865,963695099,83325883606,4326155254,-3362460155,1.154,3446273764096,367873000
801250,并购重组,991,-0.084,-11579197,2134669361,64913754,-76492951,2.549,16430514254848,3405000,1761,0.778,-383695216,249767262451,4164308788,-4548004004,1.12,16555065302208,72804700
801251,送转预期,-2,-0.021,-305057,29903837,0,-305057,1.491,149887519960,0,111,1.118,-36509160,4045247306,176134062,-212643222,0.934,151323459500,-3375770
801253,数字能源,-12,-0.121,-389363,86912329,459284,-848647,1.935,1084601164928,0,96,0.969,31458134,10242143562,136009483,-104551349,0.888,1087197603872,0
801254,防脱发,-24,-0.248,0,24448469,0,0,4.796,182132775562,0,-35,-0.079,-1953884,2503431302,4840746,-6794630,1.026,181976897083,0
801270,基础建设,-821,-0.184,3126990,314967454,38393058,-35266068,1.885,3558710969184,0,21,0.298,-405906812,41426231578,5074553364,-5480460176,0.946,3563340552252,21862400
801273,股权转让,-2,0.004,-20447377,1439758494,60153664,-80601041,2.848,7226790594304,-10744500,1062,0.8,-446152520,143445072149,3055142551,-3501295071,1.06,7268507554816,-51703700
801274,西藏,-8,-0.083,0,15123674,0,0,1.149,157844348631,0,-31,-0.316,-8426784,2641412017,17797573,-26224357,1.031,157669301498,0
801279,砷化镓,-38,-0.386,0,9984444,0,0,1.145,102337598797,0,23,0.236,-3733655,1535409497,2843339,-6576994,0.788,101765378623,0
801284,举牌,4,0.048,564756,95553935,1132138,-567382,1.663,762072218675,0,55,0.56,15729943,12806292496,381171166,-365441223,1.079,760649055064,-26316600
801287,养老概念,-24,-0.244,-1655382,63288524,2444735,-4100117,4.206,197012816388,0,-74,-0.586,-30267781,4937189488,156536608,-186804389,1.076,195249476123,3218690
801301,体育产业,-811,-0.117,2905724,381715805,29708209,-26802485,2.843,1770624167680,-11782400,63,0.918,218084078,31783779188,1475463875,-1257379797,1.036,1771046065876,289336000
801306,深圳,-417,-0.132,1802364,946971179,12314543,-10512179,3.276,6224070519680,1022280,74,0.896,-192383340,78036157593,1348613479,-1540996819,1.077,6270783551788,-74256400
801310,浙江,-4,-0.046,-7812117,317780613,23441447,-31253564,3.701,1740662804150,-814784,88,1.0,-273281221,30205794672,949969205,-1223250426,1.16,1757035591472,-14301100
801313,参股金融,-223,-0.233,-6273783,285320355,7398156,-13671939,3.208,4103143524800,0,-31,-0.197,-152791716,34860142809,1012419972,-1165211688,1.047,4105520200334,-32775500
801314,ST板块,-525,-0.253,-13385394,187579960,44457756,-57843150,11.138,397422534446,-5050000,195,-0.547,-134182881,4923630947,569415410,-703598291,0.94,397259402895,-21992600
801315,高校,5,0.054,-1797937,267237008,7964108,-9762045,2.705,510586436522,-3087500,83,0.833,-124223002,19838223405,652088287,-776311289,1.187,513147042648,-68514600
801319,福建,21,0.21,-1174733,275784771,0,-1174733,3.174,1521261044480,0,120,1.207,-13325983,18350787522,76323700,-89649683,1.171,1543971253056,-7489340
801321,广电网,23,0.237,-741411,45182756,507353,-1248764,1.448,240393864190,0,34,0.748,-38911240,6254241006,238314206,-277225446,0.763,242650458057,3323030
801328,消费电子,-4597,0.118,17521442,1110163786,107036860,-89515418,2.818,4397067856192,18251800,536,1.452,188037482,98671629975,5167595051,-4979557569,1.09,4458843088081,211901000
801329,白银,-60,-0.601,1226040,16320233,2926218,-1700178,1.978,237266573768,0,-12,-0.124,3843587,2026969360,163059116,-159215529,1.262,237712782721,-18290200
801330,旅游,-826,-0.263,2480459,125192448,28774977,-26294518,4.778,561171110528,4431200,-40,-0.203,-72631970,11488628947,1684207984,-1756839954,0.803,570208207911,62466900
801332,大麻,-9,-0.09,1679817,31620711,1679817,0,1.484,413814939072,0,-7,0.092,-16630052,5585703889,147440955,-164071007,0.956,412510566080,-5605290
801342,超高清视频,-3,-0.033,32273657,366717602,49135461,-16861804,2.703,1485984419704,11721500,68,0.798,-261883417,38990146779,1836705871,-2098589288,1.052,1491080001628,-95896000
801346,智能电网,-1417,-0.179,313,546780105,53800741,-53800428,2.0,3969844629344,4966300,465,0.855,-112718565,62007720912,2836293897,-2949012462,1.127,3978637134590,-3384130
801350,一带一路,-411,-0.084,-1282842,526286058,46505818,-47788660,2.03,7877055997120,207496,19,0.312,-65968479,67255000788,3064823674,-3130792153,0.991,7854207987089,-38461000
801351,科创板,-2993,0.066,-2014708,491444578,76086843,-78101551,2.002,3446134826816,3895050,-318,0.1,-432116732,79144447058,7514357694,-7946474426,1.068,3438633823560,-85647800
801358,大飞机,-7,-0.078,2054520,119420231,4729654,-2675134,4.494,966163428066,0,17,0.18,-23640898,9538025872,283000995,-306641893,1.27,963954885450,-21872700
801359,华为海思,-5,-0.051,1054980,23447088,1555800,-500820,1.053,233292879714,0,148,1.487,22267718,4359182725,119048491,-96780773,0.969,234704201309,0
801363,黑龙江自贸区,-47,-0.477,0,3409795,0,0,1.357,50174037234,0,-19,-0.197,1224068,541867387,4827774,-3603706,0.933,50654026700,0
801369,病毒防治,-1609,-0.087,-13697721,499874115,43635589,-57333310,2.197,4952083248352,-15827700,19,0.324,-383718440,70167282807,4254490513,-4638208953,1.047,4967349187340,-136327000
801371,垃圾分类,-22,-0.221,-787497,12295806,339965,-1127462,1.33,147067619722,0,-23,-0.236,-1627473,1493906888,33997882,-35625355,0.771,146950003905,0
801374,造船,-32,-0.321,-1100741,36501507,7234090,-8334831,1.459,386219681032,0,-52,-0.523,-96799815,5736048917,858331126,-955130941,0.909,385066320215,15120300
801375,新材料概念,-1602,-0.027,1835722,173406368,3790220,-1954498,1.749,2374004537472,0,127,1.381,27898955,31775007366,687119987,-659221032,1.154,2404003420885,-4854850
801376,健康中国,-16,-0.169,181422,167849827,509489,-328067,1.9,1688470645888,0,-20,-0.009,-21579014,22316635370,138447269,-160026283,0.887,1689405819882,-7670250
801377,金刚石概念,-17,-0.175,0,2130214,0,0,0.523,63807566420,0,204,2.046,7614972,1014204460,55397200,-47782228,1.172,65113602273,0
801378,电梯概念,34,0.348,0,6415440,0,0,0.976,72811203704,0,126,1.266,-2064484,1674230538,18926681,-20991165,0.935,73081634402,5854220
801379,碳纤维,-27,-0.276,0,31840730,0,0,2.771,309909505164,0,85,0.851,-24058131,3128135607,95074408,-119132539,1.087,313003271553,-3571080
801380,生鲜电商,-30,-0.303,0,11036232,0,0,3.811,275429732842,0,-25,-0.257,-32734549,1535200374,29713612,-62448161,1.464,278760437698,-3192260
801382,分拆上市预期,0,-0.008,0,93018040,0,0,1.759,1800592243997,0,35,0.357,18428842,16403332355,129795347,-111366505,1.176,1807933395347,-1650000
801386,轨道交通,-18,-0.183,-1878634,193472423,6805707,-8684341,1.958,2559991589173,0,66,0.66,-51578226,28735203938,1006025904,-1057604130,0.972,2570178560112,-21778000
801388,VPN,21,0.219,-5747580,84245470,7229700,-12977280,4.13,261024149504,0,-37,-0.372,-81946437,8943331947,99524550,-181470987,1.081,259799284517,0
801391,美容护理,-16,-0.162,-1187740,20441543,1000200,-2187940,1.044,303269969657,0,87,0.874,-83924744,4127001847,247831707,-331756451,0.92,307854656921,-12218600
801396,云游戏,-49,0.254,4605258,282508788,30161553,-25556295,4.385,169305525036,3197700,-30,0.433,-193235667,9882005926,2290111363,-2483347030,0.682,170315334298,-130835000
801399,智慧城市,-17,-0.176,-3834795,784561795,4168989,-8003784,2.773,2419806129408,0,6,0.357,-70200749,71773722091,408794287,-478995036,1.073,2444107979328,-9034960
801407,上海,-3,-0.031,-1095958,212732506,10747333,-11843291,3.551,1169387169792,0,-33,-0.179,-185656834,17177667933,425506642,-611163476,1.149,1164242814956,-8015950
801408,智能家居,-145,-0.254,-820589,348882532,4320590,-5141179,2.289,1504959355840,0,35,1.674,-24418057,32274382743,381029205,-405447262,1.086,1533672251136,2642990
801411,柔性屏,-396,0.035,342199,108499216,342199,0,1.895,716159039744,0,107,1.215,21902454,16821995051,251709793,-229807339,1.102,720594790938,17962800
801412,新零售,-816,-0.161,875656,65624811,2361899,-1486243,1.924,879834592960,0,80,0.806,30297333,10924937645,458175768,-427878435,1.055,889197806524,9897010
801414,教育,217,0.317,-6316330,1071863163,28225225,-34541555,3.364,1162410885248,3712320,1865,0.932,5591622,64039719800,1814527901,-1808936279,1.024,1168623988288,71568900
801415,电子发票,-26,-0.262,0,4188457,0,0,0.907,73906312450,0,-8,-0.082,12217480,1115948983,27254870,-15037390,1.22,73739287414,0
801417,天津自贸区,-41,-0.417,0,3306041,0,0,1.307,54799252468,0,9,0.094,7384443,502495293,22676068,-15291625,0.867,54584505910,0
801418,民营医院,-25,-0.252,14347967,79400324,22451598,-8103631,2.178,702460301329,8242060,-59,-0.598,-143119476,8256611025,456518120,-599637596,1.055,704670165056,-46816300
801419,通用航空,15,0.158,2499690,79557203,4729654,-2229964,4.43,328214762196,0,-11,-0.111,7370757,4453615884,152648698,-145277941,1.227,326217659692,-7632860
801420,蓝宝石,-13,-0.136,0,89418746,0,0,1.539,702919158430,0,97,0.977,-17648427,13156882664,50171600,-67820027,0.98,707245695668,0
801422,小金属概念,-25,-0.258,460000,104317023,460000,0,1.278,2146388563405,0,43,0.437,-37189867,18611558682,74532160,-111722027,0.963,2151020792252,-8330790
801427,福建自贸区,-27,-0.277,-1174733,13464454,0,-1174733,1.845,118822965286,0,2,0.026,262285,1834677985,59436640,-59174355,0.87,118526069589,0
801430,智能交通,-15,0.006,-3368844,203302415,2077704,-5446548,1.88,840274180032,0,-6,0.56,-47877976,16871413184,187509981,-235387957,0.957,837941733376,4184500
801433,光学镜头,-3,-0.039,0,16465818,0,0,1.061,264696935153,0,186,2.291,78750880,4451888612,476905458,-398154578,1.29,268682422043,4791720
801437,传感器,-34,-0.345,8500231,188654002,16878615,-8378384,2.865,755706162320,0,128,1.289,173989415,18646912006,1070889005,-896899590,1.079,761368229874,19493800
801439,网红经济,-208,-0.084,20386552,529217106,67825884,-47439332,2.292,1239796333248,10455900,61,1.078,-293371586,54819030917,3577404159,-3870775745,0.97,1257100176184,51622500
801443,转基因,22,0.224,878779,8882821,2252859,-1374080,1.459,131070874779,0,80,0.803,-22871953,1827241945,146699074,-169571027,1.298,131784130653,0
801445,元器件,-8,-0.085,-2742973,71828241,997731,-3740704,2.99,276723115497,0,181,1.818,23265413,7233672195,309838841,-286573428,1.431,279833852605,-5128200
801450,年报预增,-16,-0.165,308598,173422689,308598,0,1.505,1690551667616,0,90,0.9,-17355338,26849873742,290495530,-307850868,0.963,1711166839897,-24342300
801451,wifi6,8,0.089,-329630,51743526,0,-329630,2.084,101180674352,0,111,1.801,52377130,8163010341,240633159,-188256029,1.282,103735451209,18023900
801452,再融资,-204,-0.042,1324798,541536047,2857652,-1532854,2.911,2253971356800,0,75,0.819,-46074153,46261958370,310074748,-356148901,1.029,2266848151684,-5190060
801457,武汉,-212,-0.125,-1277003,122186098,6966540,-8243543,2.051,555080511616,0,-29,-0.199,-29075535,13646230369,297329156,-326404691,0.987,553607298959,14166500
801461,C2M,2,0.021,389308,21941085,705546,-316238,1.78,252959663704,0,188,1.889,3575277,3817926297,114828112,-111252835,1.191,257321049729,-3605950
801462,RCS,-19,-0.197,-1565898,106172094,9019299,-10585197,1.944,511121996129,0,-2,-0.02,-304311110,14848139874,866507076,-1170818186,1.038,509775673966,-139978000
801464,农业,-414,-0.145,-8852914,225350926,18401144,-27254058,2.788,2163367309696,0,43,0.521,7543807,27633175575,2328735539,-2321191732,1.082,2179075475216,129586000
801467,REITs,-19,-0.2,-490812,69092930,955547,-1446359,2.15,776221751943,0,-69,-0.692,-14048279,6918586094,65402477,-79450756,0.867,775152713601,3918300
801468,电子烟,-206,-0.067,-2117363,30049195,922357,-3039720,1.037,385181897088,0,90,1.4,-22954992,5968213281,366104773,-389059765,0.85,390416444928,18161100
801471,免税,-20,-0.207,-8126058,48808105,11008398,-19134456,1.053,741012721466,4431200,23,0.237,110552706,8014663023,1355842778,-1245290072,0.78,751268413085,88042200
801479,NMN,-3,-0.033,0,13435431,0,0,1.81,125950450236,0,77,0.771,7224293,2327597626,75236826,-68012533,1.305,126815469568,-4807440
801493,光储充一体化,-16,-0.162,-1893608,30105169,3408092,-5301700,2.482,140033027303,0,102,1.024,-67867502,3566573252,337849526,-405717028,1.213,141183442576,-11066100
801511,高端制造,-1805,-0.015,741315,440543954,21599355,-20858040,2.018,1808275321280,0,-86,1.262,-295402935,48266259707,2609291860,-2904694795,1.088,1823319044034,-30692000
801519,汽车类,-4802,0.003,14467085,1664678168,150095430,-135628345,3.408,8785363496896,23954300,1092,2.493,391766604,173663769937,9310355085,-8918588481,1.298,8928483599264,248644000
801522,专精特新,-1608,-0.085,-1863796,401687884,14668654,-16532450,2.682,2139326865984,-5275000,87,0.92,-164963778,48881936892,1421426699,-1586390477,1.069,2156465522838,-9774720
801529,激光,-8,-0.08,1530514,68326431,1885483,-354969,1.549,240364404420,0,26,0.776,-11526043,10119829052,163383792,-174909835,1.023,243300688534,-3356060
801530,中字头,-36,-0.369,99814,354321706,5178300,-5078486,1.532,8250469494695,0,-69,-0.695,-162234073,44199429333,510973887,-673207960,0.93,8210144353063,-38356800
801541,生物质能,-12,-0.128,0,46923508,0,0,1.707,419192263639,0,14,0.141,-3077576,5716137283,5786888,-8864464,1.036,417845106777,0
801543,水电,-5,-0.051,-1673202,27247696,0,-1673202,1.298,1082450066890,0,-132,-1.323,-212751079,4280666327,630089951,-842841030,0.917,1061448797251,-145988000
801546,钒电池,-20,-0.209,-538461,98380370,0,-538461,4.256,448965173793,0,62,0.627,-44662229,8050924740,150583243,-195245472,1.4,449699502442,-26429800
801547,碳基材料,-9,-0.096,0,4784192,0,0,1.108,130313886406,0,127,1.272,-8776663,1562404847,16130519,-24907182,1.165,131846092152,-3036000
801550,国资云,-29,-0.296,2232200,216842184,34228987,-31996787,2.379,807004918489,-997453,27,0.942,80283974,25035138167,1181345346,-1101061372,1.124,809765213757,161031000
801553,元宇宙,-1196,0.073,-5375972,1458970457,58448624,-63824596,2.689,3333311628608,-3985210,-129,0.981,-137404073,129936449905,4119500430,-4256904503,0.949,3350510193046,134821000
801564,绿色电力,-17,-0.173,-2446256,135777592,8550599,-10996855,1.472,2425568107545,0,-287,-0.876,-529398694,18663204146,1524027203,-2053425897,0.963,2389477642344,-116510000
801565,海工装备,10,0.106,1630388,115448628,2022243,-391855,2.004,676193211008,0,-5,0.277,705163,10031564691,76516272,-75811109,0.909,672506181209,0
801567,NFT概念,-20,-0.209,-545090,120786260,1393116,-1938206,1.82,223708558633,0,27,0.277,-94851372,12981227462,314688798,-409540170,1.02,224221689796,161967
801571,一季报增长,-6013,-0.114,-3373056,4129012177,143990024,-147363080,2.389,45005661334944,9779260,46,0.637,-1190836326,532427274618,10335984400,-11526820726,1.081,45160128748160,-165356000
801574,年报增长,-2412,-0.129,1689600,2395305106,44556496,-42866896,2.011,31755380170880,6836300,48,0.634,-408692516,337842101502,5024550235,-5433242751,1.093,31866032623465,-55055100
801575,智慧矿山,0,-0.002,375715,18051030,375715,0,1.207,93673805454,0,43,0.43,-4991244,2584950024,53332768,-58324012,0.877,94004423184,3548900
801576,石墨化,-21,-0.21,0,68082487,0,0,2.045,820143415379,0,74,0.748,-24985204,7751271867,86277636,-111262840,1.078,825431930670,-4316870
801578,铀矿,-15,-0.158,0,3826049,0,0,1.401,91581789915,0,144,1.445,0,853097309,0,0,1.267,92779556998,0
801579,垃圾发电,-4,-0.049,-335400,11277004,0,-335400,1.258,304391771158,0,-37,-0.372,-16669885,1977324805,214141049,-230810934,1.034,303027847057,-3522480
801580,发电机,30,0.306,-980092,8305880,2097164,-3077256,2.324,119986496641,0,191,1.919,43621196,1235198229,204898547,-161277351,1.406,121978993081,23707600
801584,数字经济,-2907,-0.04,-13314916,3539563639,440558090,-453873006,3.014,9058953905536,-19344500,2535,0.59,-1399216280,309994775991,21305314663,-22704530943,1.059,9100297892928,759386000
801587,光热发电,-27,-0.271,-336974,38995067,0,-336974,2.807,284401704506,0,85,0.853,25137958,4109294061,231154475,-206016517,1.458,286622920564,1012040
801606,成渝经济圈,-11,-0.111,0,1736088,0,0,0.993,38816866328,0,45,0.457,4819618,350441522,47269750,-42450132,0.936,38968702239,0
801612,脑机接口,-383,0.163,6180271,173575193,14774199,-8593928,3.18,253825616192,8020000,-14,-0.15,-183782413,14574593978,690697123,-874479536,1.038,251300195632,-72306600
801613,幽门螺杆菌,-14,-0.149,0,5195337,0,0,0.849,110395966764,0,35,0.356,-42145,1271547004,31224158,-31266303,0.94,110993154569,-3657500
801614,电子纸,21,0.212,302730,25283196,3372134,-3069404,2.283,90540852827,0,123,1.238,12644186,2483742536,112346374,-99702188,0.946,90225928605,0
801623,中俄贸易,-12,-0.121,329744,64697828,329744,0,2.877,331745578428,0,40,0.614,-20436926,5296027103,114591615,-135028541,1.11,331232633067,0
801625,在线办公,-29,-0.291,328400,181006169,328400,0,2.22,547351842560,0,-39,0.006,-6430466,17996465855,83979180,-90409646,0.843,550031727628,-9455730
801628,资产管理,-18,-0.187,-412379,8404522,0,-412379,1.212,194516413771,0,-15,-0.15,-11131790,1517116499,76460450,-87592240,0.954,193350554829,-4280610
801631,次新股,-626,-0.235,434252,678865604,22442123,-22007871,3.752,526556071136,0,327,0.52,25429746,50094434520,1374552997,-1349123251,1.121,528923877888,815052
801632,县城城镇化,-16,-0.163,4211631,55119651,7748996,-3537365,1.862,259038788929,0,-43,-0.435,-15295150,5791805331,231010142,-246305292,0.868,258118788687,-353488
801635,平台经济,-417,-0.138,-1424172,772865687,31486929,-32911101,2.709,2953482947328,1022280,89,1.168,-179395889,67571489776,1746309144,-1925705033,0.986,3003047467359,3123310
801636,露营经济,-20,-0.203,1104246,12077952,2331186,-1226940,1.712,78675471300,0,127,1.271,-19001632,1321604046,44055038,-63056670,1.037,79624396865,0
801637,潮玩,1,0.016,8105495,38525336,13667529,-5562034,2.007,54695221911,3172880,118,1.865,-13358294,4038461727,758548269,-771906563,0.859,55970629664,64859300
801639,成交所概念,-37,-0.371,0,98259827,0,0,2.331,112548804584,0,-112,-1.12,-35702872,8562890284,22413059,-58115931,0.944,111092454654,-3001660
801640,就业概念,-25,-0.257,-819600,27709073,0,-819600,1.341,88032856496,0,179,1.8,27397917,6176658371,144336633,-116938716,1.848,90841807993,4104650
801642,石英材料,-30,-0.304,-313109,9341605,0,-313109,3.096,200302097241,0,144,1.444,44012618,1932451527,135110647,-91098029,1.307,204930443774,43862
801646,信托概念,-29,-0.295,-412379,23642889,0,-412379,2.38,605510056107,0,-120,-1.203,-5393164,3431746943,88147256,-93540420,0.904,598898603799,-4280610
801648,数字藏品,-28,-0.281,0,414890137,0,0,3.599,375797124592,0,184,2.251,-21886456,28977998179,79138174,-101024630,1.162,382038766738,-3034190
801649,两轮车,-51,-0.512,-634063,7435074,0,-634063,1.162,108193801979,0,91,0.915,-13779739,1425070358,96519907,-110299646,1.085,109796635213,174192
801650,SHEIN概念,-36,-0.364,329744,2260853,329744,0,1.955,25136717224,0,-45,-0.454,-165260,388283525,9551495,-9716755,1.052,25070521493,0
801651,湖南,-609,-0.021,1091010,322380403,13836782,-12745772,3.029,1241307971936,-5275000,75,0.898,7163773,21254673328,830495507,-823331734,0.909,1258647027538,38349600
801653,霍乱概念,9,0.098,0,1998597,0,0,0.547,54215593488,0,-178,-1.784,-14810128,1003415357,45024341,-59834469,1.476,52958084361,0
801654,眼科医疗,-24,-0.242,-314130,44223660,0,-314130,1.173,767953063515,0,-73,-0.731,8794134,8543590261,82902786,-74108652,1.072,763946483809,0
801655,隐形冠军概念,1,0.017,-474554,100458888,6323127,-6797681,1.645,1039777312108,0,4,0.047,-33249814,19422183244,351685921,-384935735,1.026,1031191988263,-21334100
801656,热泵,-4,-0.041,-302405,13395914,0,-302405,2.04,125549945095,0,209,2.091,-29549,2127115797,83264804,-83294353,1.356,128605315674,-8748050
801660,通信,-4001,0.091,52946038,1365412848,265986779,-213040741,3.149,3156068809120,71513600,119,1.463,992612174,113816668929,17187095633,-16194483459,1.115,3194324595264,976379000
801662,火电灵活改造,-11,-0.118,39820,8263789,390960,-351140,0.727,189924722892,0,-29,-0.295,-19407333,1710977160,134604086,-154011419,0.8,187749373986,-1148160
801664,中芯国际概念,-14,-0.143,-802288,71177322,0,-802288,0.896,1193616568192,0,28,0.481,16450373,18247331225,233301278,-216850905,0.958,1205008028294,-1569860
801672,web3.0,0,-0.007,-300900,576147353,0,-300900,2.117,701718847696,0,-13,0.402,-6578699,49593902701,165483987,-172062686,0.891,703905924959,3177200
801676,地产链,-2817,-0.147,1281467,695502263,42779912,-41498445,3.238,4332037580480,0,703,1.166,-191180323,70882233628,6117770793,-6308951116,0.967,4397240338786,-76354100
801689,客运,53,0.53,1897348,25006445,7068335,-5170987,3.763,319263628545,3076400,48,0.484,-37011103,1928131902,424123644,-461134747,1.177,319313586698,-2962250
801694,非金属材料,-11,-0.113,-313109,2322302,0,-313109,0.721,87151998737,0,72,0.727,52504322,927825386,161113394,-108609072,1.1,87021704852,3463840
801700,高压快充,-23,-0.236,354315,86099782,3319064,-2964749,2.924,254493206668,0,223,2.234,76978861,9803983813,378069314,-301090453,1.152,261504542655,7957140
801705,超导概念,-11,-0.111,-343985,74890062,0,-343985,5.628,177145247311,0,68,0.685,-14320403,4446115580,90831740,-105152143,1.414,176834055448,0
801719,腾讯概念,-22,-0.133,4651840,575680026,10438698,-5786858,3.216,1527858064576,0,-13,0.181,108125200,55587094761,785696979,-677571779,1.052,1529052894688,32310100
801733,中特估,-28,-0.284,-732552,423737561,1261389,-1993941,1.558,15195327535298,0,-80,-0.806,8558630,65147105927,769239179,-760680549,1.006,15085753990341,-68472100
801735,中船系,-40,-0.405,341775,31393436,1556729,-1214954,1.065,342660588358,0,-100,-1.002,-45230826,5024817856,64471239,-109702065,0.786,341170432646,0
801773,热力,37,0.371,17750,60678548,1420000,-1402250,2.647,94793767554,0,-33,-0.336,-48440902,3649240458,104588262,-153029164,0.829,94133335857,0
