股票代码,板块名称,当前强度_0930,当前涨幅_0930,净额_0930,成交额_0930,主力买_0930,主力卖_0930,量比_0930,流通市值_0930,300w大单净额_0930,当前强度_1500,当前涨幅_1500,净额_1500,成交额_1500,主力买_1500,主力卖_1500,量比_1500,流通市值_1500,300w大单净额_1500
801001,芯片,-31,-0.314,10679106,560356021,50361156,-39682050,1.483,7203542142671,-4551530,-672,-1.727,-2280279790,86268999096,6593366046,-8873645836,0.899,7106824777411,-239533000
801004,锂电池,-24,-0.246,-2370667,314567627,25160996,-27531663,1.348,6209566777280,4097770,2084,-0.94,-149031434,52913256268,4072142174,-4221173608,0.94,6183792012288,233384000
801008,高送转,-31,-0.313,0,19223949,0,0,0.604,963295712826,0,-100,-1.002,5359710,7444081016,19403462,-14043752,1.084,951183770958,4343080
801009,充电桩,-30,-0.31,-1446364,174861935,447534,-1893898,4.506,1252575726912,0,-157,-1.494,-127209431,14294662803,443925277,-571134708,1.043,1241566897164,-77370
801012,钢铁,-14,-0.144,2542108,33927248,3440029,-897921,1.603,772293798020,0,-43,-0.439,-14449070,4419831693,703036302,-717485372,0.929,771732367889,4400200
801016,稀土永磁,-26,-0.265,-1518537,51206932,3851688,-5370225,1.325,805186141448,0,-138,-1.388,-363738096,7442324414,749874652,-1113612748,0.779,797135787687,-57566700
801019,物流,-26,-0.263,259107,87390080,6951521,-6692414,1.886,1346784643776,0,-158,-0.907,-162424381,13754448594,761651652,-924076033,1.032,1339159676426,-92551100
801022,换电站,-20,-0.203,0,49548097,0,0,1.34,503712519110,0,-133,-1.334,973507,4826124948,88564848,-87591341,0.825,497966751005,-212225
801027,银行,-31,-0.31,-6569475,86775368,35034952,-41604427,1.546,6732600034721,-1710440,18,0.189,-68404464,10922994295,4114716632,-4183121096,0.874,6745782162767,126886000
801031,文化传媒,-12,-0.122,9378208,164678347,24624369,-15246161,1.339,1176633402625,5096220,-262,-1.547,-727189398,26195655239,2588466422,-3315655820,0.895,1159781076349,-73599700
801032,深圳国资改革,-66,-0.669,-471600,16754036,0,-471600,2.636,102940336121,0,21,0.211,-3027313,2477730469,9735268,-12762581,1.313,103275917352,-3469240
801033,国企改革,-28,-0.287,3814140,548640772,46067166,-42253026,1.736,7343465690240,15481200,-78,-0.66,-233526802,76223902302,1853017975,-2086544777,0.968,7309631125819,53935900
801035,酿酒,-31,-0.319,2701543,212739678,33743210,-31041667,2.784,4684219770211,13888400,-66,-0.66,-226698723,19160226513,3298264688,-3524963411,1.068,4704989568941,-251918000
801039,机场航空,-15,-0.154,480061,9144209,1972624,-1492563,0.662,647320222241,0,-84,-0.849,-94288394,2428452261,482627193,-576915587,0.631,642782952762,2203840
801040,造纸,-6,-0.069,2150074,14320496,2463674,-313600,1.74,170150798403,0,-36,-0.369,-8279428,1862921788,187638457,-195917885,0.975,170064963277,-3466640
801044,土地流转,-18,-0.071,-371250,19597764,317500,-688750,1.117,353102385664,0,7,0.85,-4093921,4331292526,104191625,-108285546,0.864,355278665149,3771460
801045,医药,-29,-0.284,7886801,709932736,131881353,-123994552,2.35,5939160602624,5234300,858,-0.753,-1186945445,82834348687,7646125824,-8833071269,1.013,5925153726400,-100700000
801046,医疗器械,-35,-0.35,26076241,204288681,55516893,-29440652,2.336,1677411384960,16072900,-68,-0.519,10322437,24469873444,2425132240,-2414809803,1.064,1679188061888,33689600
801047,钠电池,-23,-0.238,0,85370665,0,0,1.537,2043461214720,0,-82,-0.582,-36083209,14053002112,69292816,-105376025,0.918,2041179287842,-9489290
801048,黄金,-13,-0.139,-778972,31761294,1712173,-2491145,1.24,827628779559,0,-71,-0.711,-116304632,5921807201,557034042,-673338674,0.917,822697448148,-3335840
801049,租售同权,-29,-0.293,-761558,14567819,0,-761558,0.976,469116570706,0,119,1.195,3576717,4419212871,21940565,-18363848,1.147,477451941651,0
801050,彩票概念,-6,-0.063,0,185108138,0,0,5.082,144676972588,0,-124,-0.65,-4971189,11067823499,12514744,-17485933,1.403,142578492480,0
801052,环保,-16,-0.162,7090851,122522259,14076276,-6985425,1.222,1707430832256,0,-47,-0.441,-130572413,18320114465,1266626754,-1397199167,0.795,1700947748206,7040920
801053,零售,-35,-0.328,1768866,227219732,15722716,-13953850,1.883,2756920265792,0,-139,-0.596,-412762090,34457404599,1187029747,-1599791837,1.018,2743746542016,-55915800
801057,石油石化,-23,-0.234,-2494211,39240023,6978497,-9472708,1.062,2707401291112,0,-418,-1.182,-267405055,6502955040,787303142,-1054708197,0.78,2666577698782,-34850600
801062,军工,-27,-0.271,2719583,288710988,12629671,-9910088,1.777,4389558509888,0,-453,-1.479,-1122764928,43999081907,3059665420,-4182430348,0.942,4330698465320,-198295000
801067,面板,-30,-0.3,-353736,118671173,12776277,-13130013,1.207,1968794816543,0,-159,-1.495,-392555147,21366079234,1580912595,-1973467742,0.887,1942636651976,-72093100
801070,光伏,-21,-0.218,-6543165,316848794,20537665,-27080830,1.713,6636061346048,-7881780,-112,-1.075,-1278097295,54119547783,4020015435,-5298112730,0.875,6583453160914,-442307000
801071,保险,-87,-0.872,-5793060,41734361,19189495,-24982555,2.337,1794332748885,72480,-57,-0.574,-474968524,4389935696,1110027570,-1584996094,0.915,1788449078604,-18725900
801074,核电,-22,-0.226,-123598,35644775,1411511,-1535109,1.398,840890259560,0,-114,-1.148,-21378013,4999489099,436209077,-457587090,0.829,834217082194,-48260300
801075,自主可控,-35,-0.352,8077172,43782464,15602868,-7525696,1.581,361325563058,5925160,-217,-2.175,-300527202,7310205003,574610851,-875138053,0.869,352449294823,-130603000
801076,乡村振兴,-20,-0.204,-13268931,127867882,8093068,-21361999,2.605,847997317559,0,-95,-0.957,-149940012,10662083085,319201309,-469141321,0.837,842458185605,-13702600
801080,煤炭,-29,-0.294,318703,26313772,630511,-311808,1.955,1410976243425,0,-41,-0.414,-138291875,4273442530,574204800,-712496675,0.71,1409028553581,44063500
801081,证券,-632,-1.321,-52476328,603156453,251433660,-303909988,2.05,2670152682256,8018360,1644,1.446,1385841855,73813978654,29498056325,-28112214470,1.144,2718035585658,1298640000
801082,ST摘帽,-32,-0.252,-434378,187907307,28277361,-28711739,2.196,1656491978944,-4134000,-81,-0.719,-241908051,23525583516,1655000344,-1896908395,0.944,1646933075831,-1888800
801085,人工智能,-32,-0.326,5402775,1299772452,130705905,-125303130,1.5,8006703743296,12402600,-1089,-1.799,-3970297740,166032847884,11514082134,-15484379874,0.957,7852628868128,-1100670000
801086,玻璃,-4,-0.042,0,6032904,0,0,0.737,313204712409,0,-10,-0.105,-1490823,1787436131,202173280,-203664103,0.958,312769360411,-11212700
801087,风电,-29,-0.29,-1119229,176872901,4701440,-5820669,2.16,2270471486720,0,-106,-1.004,-260832929,18056352877,925594659,-1186427588,0.921,2252341100472,-32703100
801088,有色金属,-25,-0.256,-6453958,83520096,6005735,-12459693,1.335,2517339319730,0,426,-0.737,-344186227,17675595423,1542967655,-1887153882,0.859,2506788366666,-48170800
801092,蓄电池,-15,-0.159,0,1605486,0,0,0.418,101850348496,0,-85,-0.859,300026,613582485,300026,0,0.658,100854175193,0
801093,天然气,-10,-0.101,2254197,83738641,15159573,-12905376,1.746,2598601486006,2695260,-85,-0.859,-82591876,9051757660,747544818,-830136694,0.714,2561199123620,-3006950
801095,游戏,-15,-0.154,5051615,135456712,28158054,-23106439,1.895,687061959280,1345380,-211,-1.95,-709809924,18353687184,2281518237,-2991328161,0.969,671726734428,-89029900
801096,钽电容,-36,-0.364,0,2431750,0,0,1.311,74039263904,0,-270,-2.701,-2292277,706335014,38605621,-40897898,0.967,72056672475,0
801097,流感,-27,-0.276,1000386,34928800,2898840,-1898454,1.547,398582639044,0,-29,-0.29,-18036664,5717826386,108120623,-126157287,1.018,397844371379,-3406610
801099,覆铜板,-25,-0.254,0,18175496,0,0,1.187,254919631996,0,-122,-1.222,-40765643,2344354592,57472551,-98238194,0.795,251943588773,0
801100,多胎概念,-21,-0.172,1723158,158181694,17219007,-15495849,4.019,606150858624,0,-42,-0.191,-102502259,15286010050,615436890,-717939149,1.375,605924217115,2929840
801102,涤纶,-33,-0.333,0,16550097,0,0,1.538,412405455112,0,-81,-0.819,46416,2440914197,132837896,-132791480,0.99,408917606664,-11206700
801104,开板次新,0,0.0,0,0,0,0,1.0,0,0,0,0.0,0,0,0,0,1.0,0,0
801112,互联网金融,-87,-0.874,21578212,530838841,156169786,-134591574,2.38,1191713641600,22491000,2163,0.086,55770265,50708552122,11080271327,-11024501062,1.003,1195485466517,131941000
801114,外贸,275,0.009,-21892146,411428197,128512249,-150404395,4.428,826675682656,-14695500,1445,-0.548,-286683795,21824288805,1420296346,-1706980141,1.359,817813720873,3253300
801115,海南,-31,-0.318,-461740,150354622,0,-461740,2.307,408350445931,0,-78,-0.782,-17273293,9019999461,138800094,-156073387,0.879,405540258915,-130939
801117,港口,-27,-0.279,-630129,4121023,0,-630129,0.83,406822088619,0,-82,-0.824,-21737950,900460368,145261744,-166999694,0.757,405107374113,-3594340
801120,电力,-19,-0.193,-1064459,36093568,6702827,-7767286,1.465,2028690539586,3965400,-89,-0.898,-174905938,6924793935,787515603,-962421541,0.789,2015662446382,6576060
801122,壳资源,-17,-0.172,-488454,51614019,2873762,-3362216,1.624,353509218496,0,-264,-1.06,-143952937,8676692078,497734332,-641687269,1.03,349574126656,-16657100
801123,服装家纺,-5,-0.055,-900006,55328843,5203816,-6103822,2.48,470458742816,0,-18,0.077,-115372379,7028703720,498893349,-614265728,1.269,470767709216,3561140
801126,期货概念,-70,-0.71,-4728482,73929988,20410236,-25138718,1.543,716840871040,-693792,584,0.85,-99913183,11729419822,1818820667,-1918733850,0.999,725455664640,40452900
801127,海航系,-133,-1.332,0,5411847,0,0,2.28,25230544638,0,-191,-1.911,-16943567,275207811,37792632,-54736199,0.703,25072880489,0
801128,国产软件,-36,-0.363,15554110,435075326,42873516,-27319406,2.22,1788043812032,1791160,-456,-2.008,-894285274,43744111385,2288680877,-3182966151,1.012,1739154607208,-193060000
801132,粤港澳,-29,-0.291,-690918,39981093,559247,-1250165,1.256,532236361241,0,-37,-0.248,9636452,8185959036,279916364,-270279912,1.001,532439322026,-18227600
801136,安防,-29,-0.294,6084508,100470387,10974728,-4890220,2.896,463121955008,0,-143,-1.122,-320742061,8229454667,683014600,-1003756661,1.2,450862048206,-148002000
801137,醋酸,9,0.091,0,776053,0,0,0.718,101763466689,0,-50,-0.508,13780636,309464491,66964041,-53183405,0.81,100874717388,0
801138,超级电容,-4,-0.05,0,17958953,0,0,3.414,301314078454,0,-68,-0.682,-49848,2491738402,2912654,-2962502,1.051,298265819607,0
801139,培育钻石,-4,-0.049,-392153,3266025,0,-392153,1.308,103455733531,0,-104,-1.042,-6545809,811636957,11580594,-18126403,1.123,103329875999,0
801142,蚂蚁金服概念,-21,-0.215,499019,109386824,7156418,-6657399,5.474,2725637810102,0,-117,-1.068,11397346,14026869051,1238138325,-1226740979,1.018,2720393945462,31019700
801144,医美,-24,-0.177,2404436,85037544,7753764,-5349328,2.359,749660662016,0,-61,-0.544,-120097866,11765653560,548305841,-668403707,1.043,743591983064,-57490500
801146,阿里巴巴概念,-25,-0.259,-7406100,208053777,19431591,-26837691,1.945,863819876928,340550,-171,-1.716,-32868419,22748825139,446683791,-479552210,1.029,849909710511,-21037200
801148,碳中和,-20,-0.208,-634120,112737574,4509160,-5143280,1.413,3557870585366,0,-85,-0.802,-315885454,20223264481,575582029,-891467483,0.839,3537433554909,-37363800
801149,社区团购,-32,-0.328,272955,16614244,659201,-386246,1.778,191772204284,0,-83,-0.834,-7047230,2350309195,61227157,-68274387,0.959,190567581796,0
801153,创投,-20,-0.204,432362,204216487,4458946,-4026584,3.113,1135006368256,0,-77,-0.367,110044114,19747231999,882933515,-772889401,1.037,1133379373571,81186000
801157,智慧停车,-44,-0.444,-393600,5352627,0,-393600,1.353,86356612750,0,-57,-0.572,-5761790,1109158425,28659831,-34421621,0.95,86087259331,0
801159,机器人概念,-22,-0.224,8009707,565309877,16995057,-8985350,2.225,2761693676032,7784630,-183,-1.759,-615297457,45559947880,1172626504,-1787923961,1.033,2720352778869,-51868100
801162,超跌,-22,-0.209,-4536817,431918784,4419059,-8955876,3.613,2249509026624,0,-80,-0.648,-133559554,36901389014,779685811,-913245365,1.021,2233743719064,11965500
801164,自行车,11,0.117,0,5885587,0,0,1.782,44373396167,0,-167,-1.676,-2828947,679829663,5010143,-7839090,0.868,43517775227,0
801165,氢能源,-20,-0.208,5116092,194701580,12624071,-7507979,1.715,5798418096644,0,-102,-0.966,-241711960,32113011512,1093299146,-1335011106,0.859,5731016011869,-30943400
801166,上海国资改革,8,0.084,0,61890165,0,0,4.199,514160358976,0,13,0.751,-430740,3881680801,37489233,-37919973,1.316,515250000397,0
801168,工业气体,-79,-0.798,681553,35682939,17552879,-16871326,11.372,75942099156,0,-398,-2.489,-28983737,1711970806,481057171,-510040908,2.058,74581978797,-11990000
801169,VR/AR/MR,-21,-0.212,8363903,171215461,17087300,-8723397,1.684,1615481838848,3738280,-167,-1.596,-256487355,27347833415,816722549,-1073209904,0.965,1589882916354,-16333300
801170,金融科技,-70,-0.706,9788396,151293440,17230555,-7442159,1.767,552653242815,5925160,-114,-0.895,158246544,20085434729,1085528852,-927282308,0.934,548227015358,103995000
801175,聚丙烯,-18,-0.186,0,8372762,0,0,1.073,1253341159160,0,-75,-0.75,-10751537,1823229204,8008783,-18760320,0.957,1242095720645,0
801178,储能,-23,-0.236,-2197654,228047467,7181541,-9379195,1.607,5506617691840,0,-116,-1.084,-429863350,39994278291,1854862062,-2284725412,0.972,5483210844765,-66820600
801182,雄安新区,-22,-0.176,-504160,62106203,0,-504160,1.583,795023759232,0,-25,0.048,-1052655,10076321844,167117486,-168170141,0.949,794355255326,8001000
801184,包装印刷,-1,-0.013,2592074,148932265,2905674,-313600,2.533,353925355870,0,-76,-0.612,-36581523,9587095152,196758015,-233339538,1.163,351489219680,-6586640
801190,卫星导航,-26,-0.268,14949747,53963954,16818381,-1868634,0.829,790862428895,0,-163,-1.635,-35074266,8339590134,661834294,-696908560,0.908,779965943226,-43015300
801193,知识产权,-9,-0.097,13554906,87765539,22310174,-8755268,2.815,323069750409,4195780,-233,-2.042,99283296,11160264194,776123305,-676840009,1.144,316201272206,171387000
801196,LED,-22,-0.222,638810,7542130,638810,0,0.891,241977923363,0,-144,-1.444,-25641444,2106542939,84173302,-109814746,0.859,238976430894,0
801198,送转填权,-23,-0.197,56740,210781160,2524150,-2467410,1.268,1729189553216,0,-300,-1.474,-225702934,34466922538,989289244,-1214992178,0.968,1705420222541,-20490600
801199,汽车零部件,-30,-0.302,7715046,623598312,34649976,-26934930,2.195,7385692418144,4097770,-152,-1.418,-535201292,82653613612,3795847559,-4331048851,0.928,7302131053118,271751000
801200,互联网医疗,-65,-0.65,3060781,107836334,8266216,-5205435,3.26,387215453952,0,-199,-1.998,-77425922,8696266883,264573225,-341999147,1.135,381888532876,0
801202,世界杯概念,-12,-0.129,0,139466160,0,0,2.94,298118508970,0,-115,-1.152,-9990482,8403983569,42162523,-52153005,1.185,293813848036,0
801209,振兴东北,-21,-0.212,557500,5303920,557500,0,0.847,234925273134,0,-103,-1.035,2428804,1353856956,19862681,-17433877,0.894,233285895048,0
801210,操作系统,-45,-0.46,8116461,104145700,16551609,-8435148,1.902,719171584074,5925160,-269,-2.695,-615149248,14894574404,1039710611,-1654859859,0.924,700937750734,-148628000
801211,新疆,-19,-0.198,0,14364803,0,0,0.866,293651879552,0,-74,-0.744,-17747183,2716211631,36180022,-53927205,0.788,292695389618,0
801215,徐翔概念股,-12,-0.123,0,579556,0,0,0.452,21015445934,0,-70,-0.706,-7158710,275538365,6954289,-14112999,0.859,20910345505,0
801216,印制电路板,-47,-0.474,2399436,42014132,6651306,-4251870,1.064,443716324076,0,-150,-1.507,-55788639,6193022673,580291060,-636079699,0.924,438843686669,43291900
801218,华为概念 ,-29,-0.289,4132804,637804902,16460216,-12327412,1.465,5905333999744,0,-178,-1.724,-680310990,89159382436,1611009839,-2291320829,0.934,5823811906356,-82235600
801220,食品饮料,-38,-0.381,1337205,129406178,14123439,-12786234,1.555,2043341484450,0,-36,-0.364,-64216302,18458172804,1513320311,-1577536613,0.806,2043572889460,18061800
801224,3D打印,-29,-0.293,0,50232362,0,0,3.655,160728312348,0,-135,-1.351,-15015932,4095515277,92854221,-107870153,0.972,158431869471,-3380230
801227,烟草,-34,-0.349,0,23885669,0,0,1.255,190718732282,0,-84,-0.412,-247442,3064931397,17719768,-17967210,1.146,190115097862,0
801232,环球影城,-53,-0.539,0,10662442,0,0,1.979,41506230920,0,-33,-0.336,0,1639807592,0,0,1.001,41825837694,0
801234,航运,-23,-0.233,-815106,21927754,0,-815106,1.232,623392422400,0,-118,-0.78,-104376673,3846388815,203808288,-308184961,0.729,616647559978,-29073300
801235,化工,-22,-0.215,-3328299,247726724,7193003,-10521302,1.28,8055090422656,0,-90,-0.846,-169172924,39098147904,2228766668,-2397939592,0.805,7990568450056,40746600
801241,核污染防治,-14,-0.148,0,5801057,0,0,0.686,186564931207,0,-119,-1.197,-8140273,1095615537,18213601,-26353874,0.828,185504573328,0
801243,宠物经济,-50,-0.506,16195438,57762506,20569990,-4374552,16.369,39338530479,6000000,-66,-0.666,253179221,2563048874,470339939,-217160718,3.404,39164791484,57592500
801246,水务,-11,-0.114,0,2290207,0,0,0.457,115495589634,0,-56,-0.562,-5477526,699425997,34325277,-39802803,0.563,115359044400,0
801248,智能驾驶,-34,-0.349,1120518,312617149,6580414,-5459896,1.157,3618454182793,0,281,-1.685,-297201191,50361759948,759249649,-1056450840,0.895,3557597880710,-36239600
801250,并购重组,-27,-0.269,-8046368,1041734010,12247373,-20293741,1.693,16402589224384,0,-99,-0.904,-328353572,159621923611,2190270132,-2518623704,0.913,16304115447488,-27743500
801251,送转预期,-23,-0.233,-160504,11279087,305828,-466332,1.069,135281788862,0,-95,-0.952,-21006760,2350645119,58190828,-79197588,0.944,133453184339,3866730
801253,数字能源,-19,-0.197,0,32598704,0,0,0.691,1148923423000,0,-121,-1.214,-14478422,5396358810,23847758,-38326180,0.907,1149818185105,0
801254,防脱发,-32,-0.021,0,11847344,0,0,1.413,175212733836,0,-58,-0.271,128944,2029240614,6538449,-6409505,0.812,174857195190,0
801270,基础建设,-16,-0.163,-2299650,272134103,3947987,-6247637,1.372,3607606712384,0,688,-0.061,-120879142,32995822103,2989595208,-3110474350,0.888,3601750240145,4880830
801273,股权转让,-25,-0.249,3993969,956845381,22394629,-18400660,2.021,7223134293312,5925160,400,-0.884,-186723149,109496411996,2294894549,-2481617698,0.959,7175299860672,-37993100
801279,砷化镓,-30,-0.304,0,2893404,0,0,0.753,116187544393,0,-107,-1.077,-6570307,674992574,2862006,-9432313,0.78,115594460822,0
801284,举牌,-30,-0.301,0,92025793,0,0,3.947,736662349184,0,-81,-0.648,-18662485,6854786953,92867859,-111530344,1.008,737663442408,-3592270
801287,养老概念,-16,-0.027,-323748,59709374,0,-323748,2.953,196539350247,0,-38,-0.233,-26827039,5680333463,103564970,-130392009,1.174,195336895768,-8577900
801301,体育产业,-22,-0.23,7128024,238435122,24097844,-16969820,1.675,1784447998446,9045680,-79,-0.799,-97825164,22531842695,639189979,-737015143,0.938,1759428959576,25800800
801306,深圳,-27,-0.275,-5195060,369144541,23144973,-28340033,1.673,6152542477120,-693792,-91,-0.796,-69647621,55800740107,2615618651,-2685266272,1.021,6142564332160,82374800
801310,浙江,-29,-0.296,-7118449,135901056,3240824,-10359273,1.418,1798709149526,0,-221,-1.014,-100015219,18074259443,385375591,-485390810,0.935,1776573296818,-8400350
801313,参股金融,-42,-0.369,-1426992,298339207,5000269,-6427261,2.499,4178066704768,0,983,-0.052,-36651281,38071838144,1401457916,-1438109197,0.956,4185523870720,27620700
801314,ST板块,1491,-0.087,-961489,129609182,19049301,-20010790,8.52,379990879712,0,2761,0.254,-170435735,5026505654,542638563,-713074298,1.148,379218820570,-9170080
801315,高校,-32,-0.322,-1720906,54805919,0,-1720906,1.279,471796718529,0,-139,-1.034,-17590472,11477850464,316365552,-333956024,1.226,460376959459,-3581650
801319,福建,-32,-0.327,0,228062539,0,0,3.126,1607197334691,0,-95,-0.956,-11556419,14306727810,43586281,-55142700,0.911,1606840369502,0
801321,广电网,-21,-0.215,-541000,8385167,0,-541000,0.671,220457837564,0,-122,-1.226,-34837543,2711169027,112875284,-147712827,0.846,217176397248,-4485900
801328,消费电子,-34,-0.345,7754419,279375936,22491799,-14737380,1.487,4334366426688,0,-176,-1.693,-543405461,50737541702,1658541649,-2201947110,0.904,4269480992382,-56477100
801329,白银,-57,-0.575,0,5892675,0,0,0.783,246161794869,0,-72,-0.725,-27569295,1393247443,77161894,-104731189,0.639,246259186086,651101
801330,旅游,-29,-0.29,247896,61766136,4643969,-4396073,2.134,556962779969,0,-110,-1.106,-50734676,7872078834,948413327,-999148003,0.959,555993245680,-15243800
801332,大麻,-26,-0.268,3267815,86649409,11714427,-8446612,3.105,408588615936,0,-62,-0.452,-101559848,7441166452,231282564,-332842412,1.106,406949057232,8432100
801342,超高清视频,-25,-0.25,0,67522128,0,0,0.749,1456836656641,0,-174,-1.746,-206731069,17552987830,350529685,-557260754,0.941,1428452592455,-18340000
801346,智能电网,-24,-0.25,-3494886,281744705,12807693,-16302579,1.999,4389089487104,0,-265,-1.385,-674482691,37002148563,1518191953,-2192674644,0.956,4360163349355,-110364000
801350,一带一路,-29,-0.246,6968300,310701662,17366541,-10398241,1.428,8036638937379,5925160,402,-0.961,-191872037,43821248268,1222606595,-1414478632,0.883,7957969811046,-67798100
801351,科创板,-21,-0.212,840688,223697372,35883685,-35042997,1.607,3372311302592,0,-1034,-1.65,-999900548,44632967299,3674801929,-4674702477,1.042,3313458432075,-125290000
801358,大飞机,-19,-0.193,0,44904890,0,0,2.4,1042464351663,0,-128,-1.288,-35758755,6308689428,116013706,-151772461,1.029,1027143663397,-3069360
801359,华为海思,-7,-0.076,401286,6534487,401286,0,0.819,220954431845,0,-130,-1.308,-13055884,2289675433,53536204,-66592088,1.121,218043649986,0
801363,黑龙江自贸区,-83,-0.831,0,16803930,0,0,1.384,59282689989,0,-31,-0.318,-1105245,2317110651,389270,-1494515,0.877,60533827522,0
801366,业绩增长,-26,-0.252,-31084561,1388148500,51631773,-82716334,1.993,16670001269920,-5442380,-162,-0.98,-256927441,182518813659,6143011109,-6399938550,1.069,16617193586866,10707400
801369,病毒防治,-29,-0.272,-12739637,469129088,45589446,-58329083,2.04,4782201783296,-5442380,1163,-0.703,-738121414,65553377397,4693002386,-5431123800,1.001,4764378176032,-33617700
801371,垃圾分类,-24,-0.241,0,5180064,0,0,0.824,146781315933,0,-54,-0.546,-38272710,1222243950,45480113,-83752823,0.822,146272734429,0
801374,造船,-29,-0.294,481839,8103295,1626150,-1144311,0.653,386180390411,0,-217,-2.177,-229398057,3083271249,464008874,-693406931,0.895,380170136912,-73606900
801375,新材料概念,-25,-0.255,-1863472,218361385,1764841,-3628313,1.774,2421890230848,0,-106,-0.876,-76349428,21147874169,270363122,-346712550,0.925,2405748974673,7055730
801376,健康中国,-19,-0.063,-5681139,144213849,10498166,-16179305,2.433,1635512381056,-5442380,-64,-0.504,-109467903,18230605128,311892911,-421360814,1.024,1625157960803,-33274100
801377,金刚石概念,-13,-0.132,-392153,1968081,0,-392153,0.546,62636912977,0,-169,-1.695,-18296558,624574220,38765060,-57061618,0.983,61837526907,0
801378,电梯概念,-3,-0.039,0,9948203,0,0,1.349,77381745632,0,-186,-1.868,-12212072,2261147147,17283208,-29495280,1.251,75614725988,0
801379,碳纤维,-29,-0.29,0,12605187,0,0,1.07,303348345201,0,-117,-1.171,-15283994,2332111068,57551102,-72835096,0.964,299759404773,0
801380,生鲜电商,-35,-0.358,-393600,13280898,0,-393600,3.465,270043278557,0,-42,-0.422,-2998717,1212307925,15692784,-18691501,1.027,268552555937,0
801382,分拆上市预期,-22,-0.225,-579494,31365238,0,-579494,1.037,1781434926003,0,-71,-0.718,-18777258,8407993431,32244299,-51021557,0.862,1764328126887,3586790
801386,轨道交通,-20,-0.207,7766404,231293677,17194352,-9427948,2.127,2573574978752,0,-99,-0.908,-163001642,16970392634,624839021,-787840663,0.904,2557156079801,-49139300
801388,VPN,-16,-0.162,0,12722634,0,0,0.905,226246418714,0,-205,-2.053,828760,3397891173,12551564,-11722804,0.853,221401052887,0
801391,美容护理,-31,-0.315,-375847,26108281,1930315,-2306162,2.354,300534126939,0,-70,-0.709,-11761278,3622613802,166458475,-178219753,0.919,298495185896,-3469240
801396,云游戏,-45,-0.457,-560153,13376221,456749,-1016902,0.777,142715789865,0,-204,-2.049,-75635972,3812670594,284181084,-359817056,0.761,139860580102,-16340900
801399,智慧城市,-27,-0.279,8367749,286524294,27383396,-19015647,1.478,2377175244576,10325500,-174,-1.514,59022751,43502900814,858329831,-799307080,1.049,2326414643370,52566900
801407,上海,-29,-0.292,-1704402,112106953,1404466,-3108868,3.475,1150370040704,0,-65,-0.331,-60095798,11030594607,646528469,-706624267,1.102,1147367235653,-22138400
801408,智能家居,-24,-0.25,2750690,94077009,12455937,-9705247,0.957,1529827180404,7939850,-93,-0.936,-58635510,17842690548,228013871,-286649381,0.905,1515033445302,3066090
801411,柔性屏,-22,-0.227,0,37742136,0,0,0.783,714072974848,0,-157,-1.105,-18457565,7179077094,68692434,-87149999,0.821,706115675390,4982080
801412,新零售,-39,-0.392,824733,83632425,1912019,-1087286,1.615,1100351075205,0,-83,-0.836,-5055674,12391404511,347391960,-352447634,0.962,1093101991152,29677700
801414,教育,-23,-0.233,5306532,181295240,11830786,-6524254,1.318,1013486484608,0,-176,-1.597,-67609559,30825374580,523903128,-591512687,1.024,988780836385,-8960060
801415,电子发票,-34,-0.348,0,3400794,0,0,1.119,71407966202,0,-220,-2.208,-1782212,661024693,10770475,-12552687,0.833,69965169090,0
801417,天津自贸区,-27,-0.278,0,28614785,0,0,3.028,59037246992,0,41,1.496,-17019666,1754736792,41513361,-58533027,1.017,59504765616,0
801418,民营医院,3,0.038,-7984813,98370338,10768081,-18752894,2.815,691245476096,-5442380,-29,-0.071,-62681366,8300635651,431050350,-493731716,1.026,688551175282,-26088400
801419,通用航空,-26,-0.269,0,15657974,0,0,0.977,339856470287,0,-91,-0.919,-31992057,2754087837,43127268,-75119325,0.762,338790886072,-3029100
801420,蓝宝石,-37,-0.379,0,44299358,0,0,1.431,687744295169,0,-119,-1.193,5687376,6996332976,39660312,-33972936,0.853,679819657549,0
801422,小金属概念,-34,-0.34,0,79890594,0,0,1.288,2183120283632,0,-84,-0.748,-55678870,16015880062,89147956,-144826826,0.847,2175442550209,-19975200
801427,福建自贸区,-34,-0.346,0,11471698,0,0,1.405,112499691431,0,14,0.14,-6043659,1416514830,39344280,-45387939,0.955,113659527817,0
801430,智能交通,-23,-0.24,-13956,63413707,332618,-346574,1.722,848322840121,0,-153,-1.263,-25155715,10807076991,83684229,-108839944,1.022,830413777612,-3469730
801433,光学镜头,-38,-0.383,0,23210221,0,0,1.459,265677443111,0,-202,-2.02,-84506879,4004844023,105341459,-189848338,0.931,260023849200,-14039800
801437,传感器,-26,-0.263,58722,91508691,3366997,-3308275,1.143,744421381738,0,-178,-1.786,-181687585,11753361665,330297871,-511985456,0.84,733023113506,-20095700
801439,网红经济,-19,-0.199,6711641,236916852,21402433,-14690792,1.848,1249825116448,0,-84,-0.849,-249286631,31853787720,1215648744,-1464935375,1.011,1235639498822,-11393700
801443,转基因,-34,-0.341,252021,6736637,797521,-545500,0.805,130094990991,0,-73,-0.739,-22393893,1076763697,66208921,-88602814,0.549,129409933202,-9857310
801445,元器件,-41,-0.412,-1110770,51441070,0,-1110770,3.986,483519258465,0,-176,-1.761,-4658897,5329115811,143099643,-147758540,0.937,476368805130,0
801450,年报预增,-19,-0.192,915300,130547092,3234060,-2318760,1.565,1637589280640,0,-75,-0.654,-14087347,17939195877,235259162,-249346509,0.891,1623154622415,-16218800
801451,wifi6,-56,-0.561,385206,16691186,385206,0,1.311,88939455805,0,-158,-1.587,-21349215,2430979477,37191845,-58541060,0.974,88404277041,0
801452,再融资,-22,-0.225,0,109720153,0,0,1.213,2244646093027,0,-123,-1.23,-57633822,25826486861,112620807,-170254629,0.94,2219935816973,-6412470
801457,武汉,-24,-0.247,0,84063452,0,0,1.641,548821342206,0,-100,-1.001,18760928,10635068415,220786843,-202025915,1.157,546334643718,12871200
801461,C2M,-8,-0.09,320954,12905692,1138595,-817641,1.298,259048446077,0,-60,-0.607,-7612674,2721339650,55834735,-63447409,1.228,259331672474,-3152110
801462,RCS,-17,-0.173,-99784,32218266,310271,-410055,0.835,499461845294,0,-151,-1.514,-128733292,8604809964,178581413,-307314705,0.897,490010791892,0
801464,农业,-28,-0.288,5218381,233751229,50416973,-45198592,2.811,2202534118084,3805230,-75,-0.684,-356072300,21506298125,1501588879,-1857661179,0.892,2194584406654,-26958100
801467,REITs,-28,-0.285,-329154,21432148,0,-329154,1.529,772010094688,0,-27,-0.276,-19314484,4440224261,41633727,-60948211,1.034,768283105151,0
801468,电子烟,-24,-0.24,631768,21543033,1415347,-783579,1.361,395893164608,0,-132,-1.049,183779032,4801795480,513860986,-330081954,1.064,392918229854,151267000
801471,免税,-39,-0.395,-465163,34462671,3547290,-4012453,1.862,747344654241,0,-401,-1.017,22026024,5155092901,711686658,-689660634,0.895,747901434167,-11183400
801479,NMN,-39,-0.398,0,10803994,0,0,0.88,123808519484,0,-111,-1.116,-17203050,2179310182,72818336,-90021386,0.796,123011497210,0
801493,光储充一体化,-16,-0.162,0,2784451,0,0,0.421,132192005728,0,-142,-1.429,-76865810,1261744234,109145673,-186011483,0.871,130817957770,-41483800
801511,高端制造,-83,-0.214,-1549104,187797492,15293032,-16842136,1.774,1814248301632,3109000,-780,-1.802,-578042585,28880160974,1404993480,-1983036065,1.033,1788749276088,-43755200
801519,汽车类,-29,-0.29,-4299406,649441271,26036408,-30335814,2.477,9301039352800,7784630,-148,-1.403,-928443805,96183105415,3370609805,-4299053610,0.935,9199951834400,-139980000
801522,专精特新,-27,-0.273,14821714,230618587,22833155,-8011441,1.443,2258549719552,0,-219,-1.543,-4225506,35937151335,1011952902,-1016178408,0.98,2231552005740,-3620160
801529,激光,-7,-0.075,-678395,28051863,1076075,-1754470,1.163,242143513201,0,-167,-1.671,-19306471,4057941886,96552036,-115858507,0.838,239804752208,0
801530,中字头,-34,-0.344,-699694,123273162,784889,-1484583,0.872,8037028899665,0,-127,-1.275,-1221237,25616381655,210312113,-211533350,0.862,7968877796676,0
801541,生物质能,-13,-0.134,0,7471394,0,0,0.599,401708618870,0,-70,-0.705,-4465622,2537983667,9052559,-13518181,0.807,398844650288,0
801543,水电,-16,-0.167,1425345,12604028,3965398,-2540053,1.035,1042868800848,3965400,-102,-1.021,-71532650,1712275535,213691178,-285223828,0.71,1036633725697,18533500
801546,钒电池,-24,-0.247,0,8412124,0,0,0.718,457928733444,0,-83,-0.832,-6101882,2477018704,95812004,-101913886,0.856,455670010943,0
801547,碳基材料,-20,-0.202,-2332586,5151224,0,-2332586,1.858,126286389667,0,-80,-0.809,-20739984,964477923,23058563,-43798547,0.945,125319060222,0
801550,国资云,-5,-0.053,371779,121937975,9521781,-9150002,1.37,785152767504,0,-137,-1.374,190654251,19429241669,1118153023,-927498772,1.068,770407927059,64437600
801553,元宇宙,-26,-0.266,3843063,400536711,12491528,-8648465,1.206,3156867702784,0,-176,-1.694,-252997899,58307257478,976303888,-1229301787,0.94,3096633595550,-17835100
801564,绿色电力,-21,-0.214,698915,47956691,4380514,-3681599,1.043,2394357706890,0,-74,-0.749,-162041767,9192190876,680547495,-842589262,0.83,2380720529001,-10874300
801565,海工装备,-20,-0.204,0,14352599,0,0,0.715,675742335863,0,-164,-1.645,-13643837,4804800291,24137635,-37781472,0.876,666198469658,0
801567,NFT概念,-47,-0.471,0,62414424,0,0,2.515,196356524141,0,-116,-0.699,-36595935,6962095554,82914051,-119509986,1.073,195691977813,-80967
801572,中报增长,-27,-0.257,-30218239,1549013984,52821325,-83039564,2.078,17204578681888,-5442380,339,-0.949,-304985810,191507794456,6203934967,-6508920777,1.075,17151885930528,-4169000
801575,智慧矿山,-8,-0.086,0,2152730,0,0,0.395,89858257334,0,-509,-2.099,-45425706,1156452360,92851873,-138277579,0.861,88215152192,-4050110
801576,石墨化,-19,-0.195,-723744,22549859,753984,-1477728,1.234,844280638818,0,-66,-0.662,-8914341,4650908419,46805005,-55719346,0.889,839886670068,0
801578,铀矿,-59,-0.597,0,2184917,0,0,0.812,94659803961,0,-77,-0.77,0,491669332,0,0,0.745,94377905726,0
801579,垃圾发电,-11,-0.114,0,5174292,0,0,0.836,310172801977,0,-18,-0.182,-4948994,1355483311,137484660,-142433654,0.895,309670568894,-3413890
801580,发电机,3,0.036,310352,2884092,1216306,-905954,0.54,125273699495,0,-144,-1.442,-33115972,665521255,50990716,-84106688,0.785,124195234643,-8245270
801584,数字经济 ,-35,-0.33,10627626,1418900328,144608638,-133981012,1.697,9424782175872,6477660,242,-1.5,-2305217687,188767678436,10885811208,-13191028895,1.0,9278282679182,-598743000
801587,光热发电,-15,-0.152,0,12420943,0,0,1.268,277375783893,0,-96,-0.785,-13705670,2296527417,50010763,-63716433,0.967,273573359733,-3162110
801606,成渝经济圈,0,0.001,309284,2292194,309284,0,0.772,42318158933,0,-4,0.952,12209587,710564916,82543587,-70334000,1.07,42777608596,-8176780
801612,脑机接口,-41,-0.415,953833,23221432,1936203,-982370,0.862,216291125135,0,-123,-1.237,-30703712,5239340059,202885780,-233589492,0.902,213155939740,-6936990
801613,幽门螺杆菌,-11,-0.111,-11508881,40890881,6136152,-17645033,8.673,107994919598,0,-79,-0.794,-98025963,2625952972,164941277,-262967240,1.652,107828839396,-35166000
801614,电子纸,-39,-0.396,0,3775347,0,0,0.494,101716819017,0,-243,-2.433,-15285435,1040053258,13582428,-28867863,0.719,100387220624,0
801623,中俄贸易,-19,-0.195,437784,24658119,437784,0,1.269,336826327872,0,-88,-0.657,-30287217,3595702754,92187007,-122474224,0.846,335486042480,0
801625,在线办公,-25,-0.254,0,57592203,0,0,1.368,479834826067,0,-272,-2.722,8250989,10460952441,54159180,-45908191,0.961,459956939612,11698100
801628,资产管理,-73,-0.735,15337046,113780141,40150996,-24813950,7.221,213407651264,3985330,1106,1.063,173292980,4562065346,484700413,-311407433,1.355,216155120883,93742700
801631,次新股,-116,-0.562,-36079422,896065235,153047694,-189127116,4.109,480651633408,-11837700,1225,-1.145,-442020966,62963687185,2565087217,-3007108183,1.151,479228873977,-3073010
801632,县城城镇化,-13,-0.137,0,17144327,0,0,0.719,268331821056,0,57,0.77,4103860,5411720000,151750121,-147646261,0.712,270218203143,3771460
801635,平台经济,-31,-0.248,-6355703,407646254,48173771,-54529474,1.967,3856075022144,-8890950,385,-0.596,-364429043,53982153782,1299845065,-1664274108,1.017,3841568882699,-51225500
801636,露营经济,-24,0.153,0,36359557,0,0,2.147,80018378591,0,-51,-0.519,-7686319,2229617676,32677598,-40363917,0.913,79669620109,0
801637,潮玩,-18,-0.184,797056,6584438,1692786,-895730,1.185,49908307240,0,-90,-0.909,-14126293,1466288722,107032607,-121158900,1.193,49318227587,-4404300
801640,就业概念,-26,-0.269,0,6365532,0,0,0.807,82237888106,0,-174,-1.741,-7053782,1614155127,24770923,-31824705,0.973,81309491189,0
801642,石英材料,-7,-0.077,455709,4920979,1405108,-949399,0.731,189929371121,0,-95,-0.954,-6627466,972368322,64747692,-71375158,0.79,187035784391,0
801646,信托概念,-4,-0.048,78890,50697085,461748,-382858,6.955,605854514897,0,-2,0.611,-11982531,3315965261,116120796,-128103327,0.882,608392228193,-15883400
801648,数字藏品,-38,-0.387,0,42985271,0,0,0.867,328916157971,0,-248,-2.486,-2658135,10481490638,2256180,-4914315,0.974,314385240852,0
801649,两轮车,-5,-0.057,0,4522725,0,0,0.665,111835686978,0,-142,-1.43,-6264998,1101720525,56693936,-62958934,1.152,110261651202,0
801650,SHEIN概念,-16,-0.169,0,8167134,0,0,2.017,25831680654,0,20,0.207,-1335025,937318417,2627159,-3962184,1.051,25949683464,0
801651,湖南,-25,-0.253,-1064610,81751408,500939,-1565549,1.666,1217210436480,0,-94,-0.722,-8473504,14847515301,488961678,-497435182,0.994,1211018458615,3259150
801653,霍乱概念,8,0.081,500939,6622073,500939,0,2.105,51046983984,0,-86,-0.862,2231307,746817041,73366943,-71135636,0.986,50512448413,20000
801654,眼科医疗,-22,-0.22,975775,28028993,975775,0,1.819,718420676337,0,-87,-0.878,6005341,7858240587,86010198,-80004857,0.938,718035220065,0
801655,隐形冠军概念,-7,-0.077,-500000,36799978,0,-500000,1.383,1011529481969,0,-159,-1.594,-26024291,10004060029,70273612,-96297903,1.033,1000960173031,0
801656,热泵,-35,-0.358,0,6105721,0,0,0.864,123203149398,0,-83,-0.837,-5847387,1098653726,26186550,-32033937,0.598,122394244666,0
801660,通信,-36,-0.368,4413610,574216391,135094339,-130680729,1.69,3913053514048,23248400,-276,-1.661,-1446883853,61493377129,6305883558,-7752767411,0.924,3859310858335,-120684000
801662,火电灵活改造,32,0.325,411432,4368558,411432,0,0.722,187404701155,0,-105,-1.052,-16634234,837821215,59026483,-75660717,0.755,185612586351,-9165460
801664,中芯国际概念,-29,-0.29,374421,41655446,374421,0,0.886,1104485878882,0,-214,-2.14,-37991250,11194201920,86787272,-124778522,0.934,1081455192691,-3330040
801672,web3.0,-31,-0.31,-1482728,204827486,3055026,-4537754,2.099,603995265728,-4134000,-238,-1.487,-67113739,28062235653,106177593,-173291332,1.11,586151607690,-16330900
801676,地产链,258,-0.134,-16300621,380338552,43244252,-59544873,2.106,4506204671264,0,3535,0.454,829373371,62554948907,5186172266,-4356798895,1.108,4521621281952,289680000
801689,客运,-5,-0.058,0,1552442,0,0,0.589,304813541666,0,-52,-0.526,-37492613,554648504,93743145,-131235758,0.921,304514973420,-12197000
801694,非金属材料,14,0.144,455709,3912628,1405108,-949399,0.824,81398970029,0,-49,-0.495,-9680736,511173062,76673919,-86354655,0.683,80757750741,0
801700,高压快充,-26,-0.269,551880,18439407,1146683,-594803,1.506,256510633863,0,-163,-1.63,-33901483,3172165299,103049930,-136951413,0.975,253292349611,-2991200
801705,超导概念,-55,-0.553,3859198,75763540,10062691,-6203493,3.729,206357755114,0,-27,-0.274,-56656159,5108478187,282533819,-339189978,0.945,205429961976,-1542380
801719,腾讯概念,-28,-0.283,-1529890,163046972,0,-1529890,1.358,1438478583388,0,-161,-1.516,61142799,26859177643,399307526,-338164727,0.939,1407971158185,8099450
801733,中特估,-32,-0.322,-4182692,235042734,22269107,-26451799,1.012,14856939279912,-693792,-92,-0.922,-39719651,43057488064,2191351846,-2231071497,0.838,14793035057750,63546000
801735,中船系,-33,-0.339,0,7327603,0,0,0.766,344958593506,0,-222,-2.223,-7740387,2553712736,4894245,-12634632,0.918,339640533842,0
801773,热力,-15,-0.155,0,4499495,0,0,0.768,101669964168,0,-85,-0.852,-25352365,1062229916,31324044,-56676409,0.765,100942070113,0
801787,实控人变更,-35,-0.358,0,14488000,0,0,1.777,38210004643,0,-218,-2.182,-16524200,1699072468,15213112,-31737312,0.994,37130456031,0
801788,仪器仪表,-17,-0.177,-979227,13316630,1057941,-2037168,1.815,145054135632,0,-150,-1.508,-13764199,1886513080,73573386,-87337585,0.713,142905436962,0
