股票代码,板块名称,当前强度_0930,当前涨幅_0930,净额_0930,成交额_0930,主力买_0930,主力卖_0930,量比_0930,流通市值_0930,300w大单净额_0930,当前强度_1500,当前涨幅_1500,净额_1500,成交额_1500,主力买_1500,主力卖_1500,量比_1500,流通市值_1500,300w大单净额_1500
801001,芯片,-4712,-0.126,-33808805,1208847569,228510773,-262319578,2.016,7213462361280,-7218070,-673,-1.492,-3415588254,143204194101,16689104493,-20104692747,0.94,7150055136378,-597589000
801004,锂电池,-4203,-0.039,5385444,466167788,21429750,-16044306,1.265,5876727035520,0,950,-0.471,-66458449,68047440207,4110459000,-4176917449,0.908,5860359748806,37505500
801008,高送转,-13,-0.135,0,29281759,0,0,0.678,941172212799,0,-76,-0.761,-8269407,8144773195,26415805,-34685212,0.854,939648480274,-3390080
801009,充电桩,-2202,-0.025,-4578006,234053651,10620103,-15198109,1.729,1072524381504,0,98,-1.615,-348864838,23504154188,1645567111,-1994431949,0.885,1059644412402,-79576700
801012,钢铁,5,0.051,-593788,12251129,0,-593788,0.678,728997710121,0,65,0.653,10252442,4446995593,591101560,-580849118,0.9,735128213989,11608500
801014,行业龙头,-22,-0.226,3317859,907038787,10442038,-7124179,1.128,22530039755509,6986930,-2,-0.028,335378441,136678573314,2022167366,-1686788925,0.918,22701257114688,134164000
801016,稀土永磁,-15,-0.156,-1342736,63426038,1774108,-3116844,0.94,821096360813,0,-88,-0.886,-172715509,10644716949,753941313,-926656822,0.854,817269654235,-18641200
801019,物流,-2201,-0.012,-499856,95193289,12922722,-13422578,1.515,1311184300416,0,1534,0.348,-65404292,14521824975,1056753589,-1122157881,0.931,1316807521344,26086900
801022,换电站,1,0.012,2211624,39229835,10027351,-7815727,1.007,469402975060,0,-108,-1.089,56846352,7251059410,534237919,-477391567,0.869,466940097781,6548840
801027,银行,14,0.144,-4841223,67360716,22479700,-27320923,1.212,6715218518007,0,1178,1.78,424531879,18024603573,7976898080,-7552366201,1.339,6836919365236,254470000
801031,文化传媒,-2155,-0.355,-42800234,944623257,234034429,-276834663,3.095,1346395901120,-60567000,-3099,-2.403,-2692726541,67535346605,8573887336,-11266613877,0.937,1316059055552,-649273000
801032,深圳国资改革,-21,-0.211,0,18110584,0,0,2.213,104280237721,0,90,0.901,-10436136,2261551008,6636951,-17073087,1.128,104463194682,0
801033,国企改革,-13,-0.137,-1428248,826102059,38063149,-39491397,1.73,7000241183552,-8349940,3,0.141,-515667242,98033117048,2264167829,-2779835071,1.022,7057901416932,-142121000
801035,酿酒,516,0.168,18070452,249463201,50932109,-32861657,2.958,4384914389229,17032500,552,0.527,107664780,21135803549,3806020824,-3698356044,1.006,4417135232975,21088400
801038,维生素,-3,-0.031,310200,3065993,310200,0,0.587,166259753356,0,8,0.086,-23666661,1307994764,122425257,-146091918,1.0,166710847175,0
801039,机场航空,1,0.015,-943990,38982017,5070628,-6014618,2.324,580599482277,-3009000,69,0.694,71591853,4629574353,626342228,-554750375,1.061,587448269732,-1733610
801040,造纸,-10,-0.105,36959,12371255,3045227,-3008268,1.8,162508278514,0,10,0.11,-394247,1585852943,150953481,-151347728,1.099,164054041860,0
801044,土地流转,-3,-0.037,1453059,58232714,2261058,-807999,3.855,331484738632,0,105,1.245,-21366411,4518297841,132726720,-154093131,1.135,336738342152,0
801045,医药,-3,-0.031,-4499779,500328892,43585086,-48084865,1.974,6074192597033,-1103160,-876,-1.269,-1706157867,67193372582,5477807245,-7183965112,0.969,6022469355460,-233837000
801046,医疗器械,-10,-0.102,-13832831,263009538,66891623,-80724454,3.13,1757086514382,-456784,-286,-1.361,-264050265,22739860742,2022499872,-2286550137,0.964,1741117590855,-109375000
801047,钠电池,-3,-0.03,997456,190170323,997456,0,0.978,1544437240554,0,-55,-0.555,17788475,13721019766,225191451,-207402976,0.93,1523072393172,-527425
801048,黄金,-20,-0.209,-2934538,47807805,5119006,-8053544,1.435,794847545452,0,-30,-0.309,-217810409,6173938713,641087553,-858897962,0.849,801323444349,-37258300
801049,租售同权,-50,-0.51,0,13254844,0,0,0.8,454276080628,0,131,1.314,3238045,4680311134,16051660,-12813615,1.132,466502727508,0
801050,彩票概念,40,0.405,0,256419032,0,0,3.755,139553405718,0,-29,-0.293,-27890214,11585735195,42886478,-70776692,0.989,138555965554,-968166
801052,环保,-3201,-0.018,3551493,146468170,13946765,-10395272,2.004,1660561211136,0,764,0.158,-197219563,21831655644,1353565935,-1550785498,0.967,1665765406976,-26880000
801053,零售,-9,-0.098,-997410,387750809,31096628,-32094038,2.421,2706023664064,3038480,451,-0.25,-340592986,45610992424,1948782853,-2289375839,1.018,2705989767936,14996800
801057,石油石化,0,-0.007,-1425182,31988513,4621118,-6046300,0.805,2708777312984,0,18,0.186,116618070,9120735057,1626571267,-1509953197,0.981,2744630121187,89085400
801062,军工,-8803,-0.032,-7176002,506768360,43655782,-50831784,1.327,4317999593248,-11344400,-327,-0.828,-1130867954,75413746064,5574580846,-6705448800,0.916,4305714902084,-248711000
801067,面板,-325,0.0,-13095611,444297840,53592607,-66688218,2.441,2004451059008,-6400150,-255,-1.391,-748065916,40208495791,3436153567,-4184219483,1.074,1981100897344,-208962000
801070,光伏,-4407,-0.071,3605550,629169079,79530477,-75924927,1.406,6560190687040,9999580,459,-0.319,-328992142,89326861748,7616363307,-7945355449,0.931,6566819924416,-2607660
801071,保险,-32,-0.321,-2600584,25649781,7542576,-10143160,1.41,1822531933926,0,1118,1.188,269638528,5286776360,1858033500,-1588394972,0.926,1854883543054,172174000
801074,核电,-23,-0.235,-369755,36669694,5076644,-5446399,1.269,789147125839,0,-81,-0.814,-138573377,6648748307,577422007,-715995384,0.921,793754322014,-12006100
801075,自主可控,-17,-0.179,820123,62683309,5445633,-4625510,1.566,376862862098,0,-24,-0.24,-290403339,11564953335,1071781380,-1362184719,0.933,376011835159,-155486000
801076,乡村振兴,-8,-0.086,530275,65996266,2103954,-1573679,1.22,808059883122,0,57,0.574,29508297,11388255378,496394703,-466886406,1.005,815694023598,12349200
801080,煤炭,-2795,0.047,1584415,46911666,15053081,-13468666,1.688,1455023903616,0,88,0.882,75616355,7417508938,1446012188,-1370395833,1.112,1470881628066,28340000
801081,证券,-12,-0.125,6679815,52203016,17591948,-10912133,0.808,2308874939187,6986930,1103,1.034,314827498,16716520818,5222890159,-4908062661,1.121,2337705144130,261514000
801082,ST摘帽,-1012,-0.079,4100904,325139623,19554335,-15453431,4.143,1570906289696,0,-65,-0.453,-211019750,26538164936,1430032451,-1641052201,1.042,1567943801504,-10237800
801083,电阻电容,-621,-0.214,-394237,9608354,0,-394237,1.442,267496689088,0,-47,-0.474,-12124038,2489848942,173419644,-185543682,1.186,265824209763,7099440
801085,人工智能,-345,-0.236,53929936,3269579588,472861996,-418932060,2.078,7850136141728,66507900,3389,-1.086,-4983282291,286642636311,25097246826,-30080529117,0.931,7802312217184,-313841000
801086,玻璃,-3,-0.038,45391,7276561,728020,-682629,0.796,296070267767,0,-45,-0.451,-11815464,1765066839,220509969,-232325433,0.833,295448900072,1853450
801087,风电,-7011,-0.112,-3977547,121281678,4021818,-7999365,0.931,2162197410976,0,-162,-0.364,-561615688,25920271245,1495186098,-2056801786,0.848,2166716763910,-225315000
801088,有色金属,0,-0.007,-6286642,102017930,20985067,-27271709,1.24,2422852397553,-9247340,-4,-0.046,-72583985,21374792999,1969790403,-2042374388,0.872,2435666676184,-16200500
801092,蓄电池,5,0.051,0,3370537,0,0,0.691,104115998391,0,14,0.143,-574500,1443038906,0,-574500,1.045,105083083068,0
801093,天然气,-2795,0.049,-1506896,41842355,1775370,-3282266,1.049,2544677247488,0,3,0.035,-24900840,8184393073,722063771,-746964611,0.879,2581525923366,-20921700
801095,游戏,-58,-0.58,-4676991,418346120,82298192,-86975183,2.029,829920474584,3675270,-689,-1.896,-1277724018,48616109455,8675463807,-9953187825,0.91,818987967820,-191888000
801096,钽电容,-5,-0.053,0,1331132,0,0,0.392,70501949177,0,-121,-1.218,-5697533,635275954,12892543,-18590076,0.949,69902985801,0
801097,流感,-12,-0.126,-268770,27197507,10054472,-10323242,1.272,413850393921,0,-91,-0.912,-18572134,4378388412,202976729,-221548863,0.936,409590189813,-19523000
801099,覆铜板,-47,-0.471,-2749950,85662946,2839050,-5589000,2.157,268559836058,0,-143,-1.438,-40598696,7232821613,265442310,-306041006,0.861,265641181835,-4114660
801100,多胎概念,-6,-0.066,698070,200740549,9493425,-8795355,3.634,620165210156,-3185270,-120,-1.203,-133132933,14703983194,418662224,-551795157,1.001,614675209001,-35660600
801102,涤纶,-26,-0.27,0,6637949,0,0,0.997,387352832350,0,-21,-0.215,-3699552,1727767445,212369915,-216069467,0.898,389352354388,11785200
801104,开板次新,0,0.0,0,0,0,0,0.0,0,0,0,0.0,0,0,0,0,0.0,0,0
801112,互联网金融,-31,-0.18,8892901,154207247,21460566,-12567665,1.598,1020689048670,6986930,-76,-0.622,-111168830,22404742381,2302845393,-2414014223,0.832,1018897060424,30921400
801114,外贸,-7,-0.003,-1206086,126286011,2796001,-4002087,1.918,675244370560,0,-71,-0.646,54334251,15575808183,478890454,-424556203,1.179,671475909088,-15117600
801115,海南,-1006,-0.068,661982,182746969,1618418,-956436,2.725,372178914560,0,-24,0.028,-34781938,9795324169,190372989,-225154927,1.001,372885314695,-3655510
801117,港口,-9,-0.094,77672,24126614,1148134,-1070462,2.208,419431141586,0,23,0.238,-35398928,2251623147,322150817,-357549745,1.109,422747749544,3455130
801120,电力,-1206,-0.07,-2348370,75879503,8239416,-10587786,0.876,2002891733760,0,33,0.333,-76778931,13705506393,1842561254,-1919340185,0.787,2026059514609,10069800
801122,壳资源,-9,-0.094,-707032,51996430,0,-707032,1.235,356891373235,0,-90,-0.903,-99850639,8604600987,337569688,-437420327,0.847,353725931245,-23246900
801123,服装家纺,-610,-0.108,-1133501,83675837,4948181,-6081682,2.317,465591752992,0,-87,-0.686,-142239916,9756984734,545591128,-687831044,1.005,465175283225,-24901200
801126,期货概念,2,0.022,1458169,17589449,3509228,-2051059,1.248,626203145310,0,74,0.75,304925558,4813348885,1076489022,-771563464,1.136,633615890443,203504000
801127,海航系,-9,-0.092,0,1223224,0,0,2.052,21134831885,0,-22,-0.226,762687,122785174,21687617,-20924930,0.904,21203366737,0
801128,国产软件,-10,-0.101,5301886,452248913,68523880,-63221994,1.523,1867627821670,-2208320,-189,-0.686,-746083140,57475214632,5284802561,-6030885701,0.906,1859188636801,-19564800
801132,粤港澳,-222,-0.222,1801067,63492290,6127580,-4326513,6.562,542800131628,0,-2,-0.024,35689051,9763843903,620553210,-584864159,1.227,545204034895,37322400
801136,安防,7,0.075,375141,73644909,7731349,-7356208,3.033,446415667328,0,-98,-0.987,-198978382,6725968895,588385777,-787364159,0.875,443956220992,-36024200
801137,醋酸,13,0.14,-500822,1306527,0,-500822,0.675,96798335369,0,19,0.2,45632170,448069870,95775028,-50142858,0.809,97465153871,8325270
801138,超级电容,6,0.069,-394237,15072464,0,-394237,1.161,301804765978,0,-50,-0.5,-9966915,3491522712,7043740,-17010655,0.897,299541943661,0
801139,培育钻石,-14,-0.148,0,3121415,0,0,0.741,108078382127,0,-62,-0.627,-21177115,992907980,27395654,-48572769,1.053,107634384885,0
801142,蚂蚁金服概念,-6,0.019,-1180543,247984742,3634624,-4815167,2.933,2695071188892,0,-24,-0.165,-223753479,17831850508,592412855,-816166334,0.83,2697213893536,-22013900
801144,医美,-2,-0.027,3379196,103969631,4568135,-1188939,2.537,739841925528,0,-93,-0.931,-140879094,10154759451,315496337,-456375431,0.945,735957621310,-9426650
801146,阿里巴巴概念,-27,-0.276,2915092,242105604,7804600,-4889508,1.358,903845458624,0,-105,-1.056,-36831688,35038320814,486723842,-523555530,0.881,898493100436,8067510
801148,碳中和,-1808,-0.082,57311,122771910,1937466,-1880155,0.915,3529742395840,0,-201,0.07,103174440,28537712511,890441071,-787266631,0.863,3557525067648,19591000
801149,社区团购,-15,-0.152,0,10670089,0,0,1.842,145608866966,0,60,0.604,-6025654,1887513053,82512728,-88538382,1.1,146824196367,0
801153,创投,-7,-0.079,2805128,192528384,19328588,-16523460,1.925,1112962236548,0,-37,-0.242,-73655372,24080426905,805899111,-879554483,0.941,1113536722938,-14312900
801157,智慧停车,-18,-0.186,-1500851,17960879,1783954,-3284805,1.587,92307307110,0,-67,-0.68,-43229482,2356771512,215247137,-258476619,0.93,91717164727,-5154140
801159,机器人概念,-8,-0.002,9727666,605200331,52858121,-43130455,2.531,2164659570176,-7952070,-135,-1.261,-214162718,47017331419,1833970897,-2048133615,0.898,2149685448704,10475500
801162,超跌,-16,-0.157,-4326471,561371850,13841064,-18167535,2.318,2277394269504,0,-78,-0.731,-431646491,50493504831,1357694528,-1789341019,0.905,2265813287509,-68263200
801164,自行车,-28,-0.285,-787783,7255337,0,-787783,1.282,49015266782,0,-182,-1.821,-1701579,1523005561,16723142,-18424721,1.132,47815745851,0
801165,氢能源,0,-0.002,1287627,166476266,8677404,-7389777,1.244,5547997972217,0,-157,-0.38,-57279695,32223078630,992622121,-1049901816,0.903,5580973971069,8902220
801166,上海国资改革,-15,-0.156,-1547000,40562520,0,-1547000,3.937,505156827200,0,110,1.659,27712451,3630824273,113155696,-85443245,1.658,511511541235,-3304310
801168,工业气体,-17,-0.171,0,2894434,0,0,0.729,77637167443,0,-103,-1.038,-3292936,758726869,34386478,-37679414,0.764,77421987927,0
801169,VR/AR/MR,-351,0.139,47471168,857867654,200009660,-152538492,3.074,1693700586048,32068900,2883,-1.109,-375119216,63998060668,4181312297,-4556431513,0.936,1671675859968,169711000
801170,金融科技,-24,-0.065,-3245864,174836541,3767917,-7013781,2.239,561790371696,0,-76,-0.378,-73855849,17670458983,235017032,-308872881,0.855,561051698675,-5070010
801175,聚丙烯,3,0.04,0,7906788,0,0,0.695,1316701474484,0,-20,-0.204,-923415,2554318831,27113578,-28036993,0.934,1329214513491,0
801178,储能,-1412,-0.128,-2648872,522063233,26002551,-28651423,1.334,5178434604512,0,-73,-0.638,-385105092,55562456300,3926311454,-4311416546,0.813,5158148820608,-43552500
801182,雄安新区,-607,-0.079,378682,68672523,378682,0,2.032,758840764992,0,64,0.882,60782821,13036124009,482266527,-421483706,1.126,764245022592,742789
801184,包装印刷,-21,-0.216,-562889,183971740,3073779,-3636668,2.483,342796321296,0,-37,-0.376,2763526,9889259285,142763438,-139999912,0.949,344413320359,-1317240
801190,卫星导航,-397,0.028,-4085105,111915411,16942525,-21027630,1.299,783281517504,-4614620,-94,-0.947,-248579134,13668289751,987251000,-1235830134,0.793,775909592148,-71916800
801193,知识产权,-246,-0.467,-6981264,340513116,10230807,-17212071,2.608,390893662208,-4592750,-313,-2.138,-213741250,27071505519,1279902273,-1493643523,0.935,380706055860,-47369700
801196,LED,-5,0.289,0,110854872,0,0,4.337,234735489536,0,-168,-0.875,-23567255,5497446667,89280826,-112848081,1.252,230042659548,-3375320
801198,送转填权,-617,-0.173,-1688627,300921416,7105665,-8794292,2.468,935006622912,0,-105,-0.909,-209062423,32817747263,890874991,-1099937414,1.221,926696474415,-5044760
801199,汽车零部件,-8,-0.08,-11643698,906657157,71155611,-82799309,1.886,6431663965886,-5459520,188,-1.046,-1059200272,88530082627,4867878716,-5927078988,0.881,6383475399670,-124077000
801200,互联网医疗,-5,-0.056,-1254071,112593521,6540831,-7794902,2.306,422546909526,-3960530,-148,-1.489,-131050747,10561268671,366565526,-497616273,0.978,417086636072,-7755360
801202,世界杯概念,32,0.66,1707230,260881947,4344574,-2637344,4.247,316897021032,0,-90,-0.526,39009001,12933037219,373162223,-334153222,0.928,316462774070,-7036440
801209,振兴东北,-25,-0.25,0,13155058,0,0,1.554,230417061314,0,22,0.23,-8308432,2570957155,25026464,-33334896,1.265,231061291586,0
801210,操作系统,-15,-0.159,-4502546,184212064,28619680,-33122226,1.474,790608498984,-3148860,-161,-0.613,-1038046859,24256578375,3015204957,-4053251816,0.897,785171902826,-353021000
801211,新疆,7,0.073,0,17177490,0,0,1.147,297841773949,0,3,0.03,-43323890,3982721778,48634236,-91958126,0.984,296153343040,0
801215,徐翔概念股,-65,-0.658,0,4094577,0,0,2.234,21648456206,0,-172,-1.729,-4621901,442861096,8970750,-13592651,0.782,21405113152,0
801216,印制电路板,-23,-0.236,-9924413,185794319,23083033,-33007446,2.701,452921161280,0,-150,-1.509,-168408506,14835741531,1068303500,-1236712006,0.939,446527008229,-53896400
801218,华为概念 ,-1021,-0.215,-1700856,1672548867,65873305,-67574161,1.918,5855331043520,-7429050,1597,-0.983,66474152,149395181189,6064409797,-5997935645,0.95,5806459937792,542892000
801220,食品饮料,-1004,-0.042,-436987,143337383,9877773,-10314760,1.771,1840235161344,-3525000,30,0.404,-191333225,19179623132,1213814595,-1405147820,1.2,1848236476753,-9771980
801227,烟草,-9,-0.097,0,31858104,0,0,1.095,191002779711,0,-70,-0.701,7575071,4296089911,23599565,-16024494,0.767,189979340915,0
801232,环球影城,88,1.447,0,22283177,0,0,6.792,36980621499,0,96,1.515,0,1238853399,0,0,0.967,37234480090,0
801234,航运,-11,-0.117,0,48332381,0,0,1.254,615149195741,0,35,0.353,63342704,6063535488,523588013,-460245309,0.991,622227985185,51602900
801235,化工,-5,-0.052,-3338825,249939415,6557408,-9896233,1.391,7926365426804,0,-137,-0.16,-362811546,46392587155,2430062750,-2792874296,0.883,7987672540798,-43362100
801241,核污染防治,2,0.024,-489645,5240137,0,-489645,0.94,185488323523,0,19,0.198,-10947419,1522032826,61472844,-72420263,1.013,187395373784,-5445000
801243,宠物经济,0,0.01,0,727983,0,0,0.531,37755575132,0,-19,-0.198,-5461673,288901215,21050126,-26511799,0.93,37809914304,0
801246,水务,-10,-0.105,-476547,6990117,341000,-817547,0.921,116463557779,0,-4,-0.042,-4378202,1170087820,75903924,-80282126,0.7,117050144469,0
801248,智能驾驶,-1007,-0.078,-2216345,480359041,25474655,-27691000,1.379,3386882855168,-4614620,-105,-1.002,-391724521,60661687776,1555509396,-1947233917,0.877,3363509483584,-35093000
801250,并购重组,-7,-0.078,5077318,1807470582,53346009,-48268691,1.72,16264136372736,-7744180,466,-0.281,-488805312,219154574310,3133803871,-3622609183,0.947,16309002765510,-60890800
801251,送转预期,-5,-0.054,2156714,29864176,4721913,-2565199,1.289,150837191110,0,-113,-1.139,-60386045,3993366014,255451886,-315837931,0.748,149547245909,-5819950
801253,数字能源,-19,-0.199,-1866851,221222990,303800,-2170651,1.934,1090175164160,0,-58,-0.175,4046037,11938793580,169524581,-165478544,0.962,1072139699464,-8643930
801254,防脱发,-22,-0.222,0,16192592,0,0,3.073,182729488492,0,-94,-0.943,-3645492,2136118650,3006434,-6651926,0.964,181603334944,0
801270,基础建设,-4611,-0.082,-1828606,225204353,11363960,-13192566,1.192,3503478622464,0,1816,1.345,1191562774,46780758975,6546982765,-5355419991,1.117,3570979018656,433378000
801273,股权转让,-12,-0.115,1957924,1132863517,29494058,-27536134,1.782,7197080890752,0,-57,-0.512,-456155498,129726663158,2438487884,-2894643382,0.948,7191440693724,-103623000
801274,西藏,-31,-0.316,0,25568145,0,0,0.888,159084569368,0,-65,-0.657,3629981,3007296604,30695328,-27065347,0.872,158742528045,0
801279,砷化镓,-35,-0.352,0,83164893,0,0,10.526,110140634735,0,-199,-1.994,924948,3077663492,2342750,-1417802,1.809,106577740619,0
801284,举牌,-7,-0.071,60352,104209961,758240,-697888,1.35,758292918688,0,-28,-0.128,-4689698,12564072721,272422842,-277112540,1.038,764002058353,-5957590
801287,养老概念,6,0.068,842245,59737138,1689397,-847152,3.378,197478493431,0,-13,-0.132,-19678935,4681623018,156126067,-175805002,1.146,195824375363,0
801301,体育产业,-1001,0.164,2042212,339460641,12541168,-10498956,2.276,1769847288576,-4470570,-65,-0.374,-127989849,26767321015,631217981,-759207830,0.901,1775307705288,-22941200
801306,深圳,-815,-0.116,4422628,501623050,14991896,-10569268,2.004,6134574196864,0,-50,-0.231,180573234,71109368625,1874983547,-1694410313,1.048,6167778532160,109371000
801310,浙江,-408,-0.085,-1821655,197201619,4865511,-6687166,1.808,1753743405504,0,-37,-0.307,-12999630,23057880328,803346669,-816346299,0.981,1755174903104,-33899100
801313,参股金融,-1016,-0.136,-1163577,193353157,12215225,-13378802,1.961,4078192879296,0,29,0.375,-47516002,33038420901,1425497634,-1473013636,1.078,4127031825189,18272600
801314,ST板块,201,0.018,-3456127,127142244,11321973,-14778100,9.777,401792886207,0,724,-0.758,-173588075,5377175896,553212279,-726800354,1.148,397852058229,-3321000
801315,高校,-18,-0.189,-1864712,139124111,1927336,-3792048,1.703,494618861790,0,-56,-0.563,-39180133,12721205454,593373077,-632553210,0.933,494102275724,2637690
801319,福建,-11,-0.113,65142,356733919,489834,-424692,2.152,1475497548955,0,-38,-0.382,10782929,17177122434,72054020,-61271091,0.846,1457111521026,0
801321,广电网,-43,-0.433,-355842,68837940,490535,-846377,1.771,240023863801,0,-148,-1.489,-87896219,7044483791,177026334,-264922553,0.798,236744756756,-22782300
801328,消费电子,-1215,-0.085,24858806,788143151,107982527,-83123721,2.291,4334412826816,-2670120,-159,-1.511,-1018440288,77394608594,4074775248,-5093215536,0.893,4299244959422,-251262000
801329,白银,-2,-0.021,-402870,7967415,0,-402870,0.85,234728487630,0,45,0.456,-836504,1403429420,128571219,-129407723,0.703,235861735868,2759900
801330,旅游,-208,0.01,2035124,184093826,41304729,-39269605,9.101,565376631653,7240360,-8,0.011,-239701274,13556757131,1802843044,-2042544318,1.136,566128620458,3482120
801332,大麻,5,0.056,-547657,36889796,320634,-868291,1.55,414389205103,0,-62,-0.624,-26320983,5616715583,134259811,-160580794,0.952,412644476825,-3115660
801342,超高清视频,-115,0.167,4192017,408904432,13180624,-8988607,2.378,1505812626560,0,-321,-0.782,52180656,35028309292,2221734343,-2169553687,0.999,1493555202161,431899000
801346,智能电网,-1404,-0.05,1119426,442966084,30692200,-29572774,1.131,3950807772032,-3129560,895,-0.941,-230798336,52864145371,2483902830,-2714701166,0.874,3917162958688,14394000
801350,一带一路,-2808,-0.085,1017861,381532436,18602614,-17584753,1.308,7724991094144,0,38,0.477,76125452,67671725612,3058721525,-2982596073,0.988,7823337793913,-6356700
801351,科创板,-5221,-0.213,-7927596,360498133,53723606,-61651202,1.761,3360937469844,3751340,-1284,-1.882,-1029236699,67639673481,5547336248,-6576572947,0.982,3323383908228,-120098000
801358,大飞机,-4,-0.041,256959,40405322,626339,-369380,1.805,954956667330,0,-29,-0.295,-57371700,7518039601,157224033,-214595733,1.094,957512223877,0
801359,华为海思,-7,-0.07,317900,20366675,317900,0,0.99,232846337223,0,-117,-1.177,-56650357,4054801662,77971706,-134622063,0.815,230106733267,-15618200
801363,黑龙江自贸区,-21,-0.215,0,1787513,0,0,0.843,37437038386,0,22,0.23,1711529,533027105,5851183,-4139654,0.902,37648872627,0
801369,病毒防治,-2806,-0.069,-8663718,538486718,41025908,-49689626,2.066,4959117474144,-13190000,-514,-0.913,-765016508,64845571204,3567343936,-4332360444,0.942,4921160138786,-129141000
801371,垃圾分类,8,0.086,-346104,11996994,0,-346104,1.455,147254318296,0,16,0.165,11063692,1901530796,41348390,-30284698,1.0,147449227654,0
801374,造船,-41,-0.416,2922351,24351676,5593943,-2671592,0.564,383929564316,0,-21,-0.218,9060350,6286540137,957427072,-948366722,0.68,387030743875,23409400
801375,新材料概念,-806,-0.06,935305,190153855,2222302,-1286997,1.165,2368449074496,0,-66,-0.668,-74684124,28912056444,446925228,-521609352,0.922,2371003955456,-14920500
801376,健康中国,-3,-0.037,308952,274043158,1402770,-1093818,2.889,1697393605248,0,-89,-0.893,-48944415,23467188433,177759523,-226703938,0.976,1684288488448,3169700
801377,金刚石概念,-4,-0.046,0,2774368,0,0,0.606,65225480423,0,-108,-1.089,-17694972,893911676,50081820,-67776792,0.929,64464404983,0
801378,电梯概念,-15,-0.157,0,7447622,0,0,0.756,71995424591,0,-97,-0.972,-4497659,1619769811,29988709,-34486368,0.655,71896018324,-3256800
801379,碳纤维,-9,-0.094,-21818,11981941,327300,-349118,1.65,308706476743,0,-31,-0.317,-44912936,2235908946,68044257,-112957193,0.794,308959187840,-11444300
801380,生鲜电商,0,-0.007,0,5879924,0,0,1.586,274293828053,0,0,0.001,-8771669,1170502366,44505142,-53276811,1.121,275898180748,0
801382,分拆上市预期,6,0.061,-816962,56260378,0,-816962,1.32,1823541053348,0,-16,-0.164,-5176673,11255656267,134790403,-139967076,0.882,1819735076490,1430580
801386,轨道交通,-1402,-0.026,4544145,221809749,16343296,-11799151,2.12,2544503817024,0,-55,-0.516,-13974002,26665190800,915315287,-929289289,0.994,2555697188103,-7674800
801388,VPN,-49,-0.5,0,53942792,0,0,1.621,254579820741,0,8,0.086,375670,9186782359,5508583,-5132913,1.191,255895971972,0
801391,美容护理,-14,-0.146,-603530,22923161,322199,-925729,1.492,309152953772,0,-131,-1.313,-110344081,3962888736,207266193,-317610274,0.891,307549018173,-7673680
801396,云游戏,-93,-0.938,5333939,80899913,19021222,-13687283,1.465,158151088986,7853580,-339,-0.583,-64509059,11460002576,1726343177,-1790852236,0.881,159353864058,-64387900
801399,智慧城市,-602,-0.026,-4249740,525967498,17004681,-21254421,2.013,2372602358400,-4614620,-72,-0.371,-117159471,59189602751,646402723,-763562194,0.969,2358410322304,-37121000
801407,上海,-412,-0.126,316951,158847834,1076168,-759217,2.264,1156157862528,0,0,0.61,69923506,17142376396,587084818,-517161312,1.215,1163033844511,-32622000
801408,智能家居,-30,-0.306,-1056556,287703139,740699,-1797255,1.422,1489312919680,0,-47,-0.478,-46133103,23782128501,244084288,-290217391,0.95,1504946104149,-2006600
801411,柔性屏,-23,-0.231,1615098,164964139,4466386,-2851288,1.696,716562038152,0,-135,-1.359,-17541632,15157343456,147295336,-164836968,0.941,709800000365,0
801412,新零售,-11,-0.119,923337,66867547,8277883,-7354546,1.862,882356162429,4578620,-49,-0.498,-64948278,9074624086,382036299,-446984577,1.001,880804243694,2693830
801414,教育,-43,-0.437,4312360,593462554,20859127,-16546767,1.949,1151505971008,0,258,-0.889,-214640537,61924106576,1189943270,-1404583807,0.952,1137711386176,9432580
801415,电子发票,12,0.125,0,5495352,0,0,1.101,73751706663,0,-45,-0.46,2219305,981871973,15769289,-13549984,0.914,73550887798,0
801417,天津自贸区,-13,-0.14,-347545,3409846,0,-347545,1.636,54674953870,0,80,0.804,40280,670955270,32718964,-32678684,1.275,55299295061,0
801418,民营医院,-19,-0.197,22360169,124441486,61608940,-39248771,2.304,706661958292,42472700,-432,-1.124,-315784948,8389956136,883682201,-1199467149,1.024,702061831483,-72982300
801419,通用航空,29,0.295,256959,36092836,626339,-369380,2.665,323563858456,0,-4,-0.049,82292,3961887257,70187091,-70104799,1.275,324249668097,0
801420,蓝宝石,-21,-0.218,-530673,195765203,0,-530673,3.039,710169854390,0,-149,-1.496,-7915315,15033218204,42187068,-50102383,1.084,702738844389,0
801422,小金属概念,-10,-0.1,0,97929870,0,0,1.139,2125225778264,0,4,0.042,-21855090,18443247714,58908505,-80763595,0.812,2136546253988,0
801427,福建自贸区,-17,-0.18,65142,12874333,489834,-424692,2.106,118796406357,0,45,0.459,8742585,2038593414,42864994,-34122409,1.043,119278364698,0
801430,智能交通,-195,0.045,-4316879,190225632,13830196,-18147075,2.35,862021584896,-4614620,-89,-0.89,-75132838,16312604573,429337016,-504469854,0.866,858020405796,-23500200
801433,光学镜头,-50,-0.503,1198869,33653667,10285238,-9086369,1.943,268037902723,0,-267,-2.674,-129633916,3598926339,239243871,-368877787,0.785,262429983186,-18227000
801437,传感器,-18,-0.188,2938871,192393601,14491521,-11552650,2.437,754444473308,4302750,-148,-1.486,-124841281,16117892040,593486449,-718327730,0.981,744170957239,-35909400
801439,网红经济,-110,-0.103,20647156,521117875,68243982,-47596826,2.128,1246445067264,11699700,-428,-1.141,-810158105,55282742461,3727174342,-4537332447,0.989,1232739102144,-72813900
801443,转基因,-2,-0.023,0,3326904,0,0,0.587,128982081236,0,149,1.495,43019264,2187360173,230301184,-187281920,1.584,131149751666,9119770
801445,元器件,28,0.288,-670221,119957083,995126,-1665347,5.183,278626780664,0,-136,-1.37,-39448928,6530337269,158987162,-198436090,1.304,274582745468,3233990
801450,年报预增,-10,-0.101,1092389,146152895,2185038,-1092649,1.315,1683250593710,0,-70,-0.709,-5438661,23920363465,286635515,-292074176,0.872,1677610321415,-9735780
801451,wifi6,-63,-0.634,188799,181897238,1065980,-877181,4.239,100941052300,0,-142,-1.424,16896487,5874787510,84835054,-67938567,0.921,99795627414,0
801452,再融资,-15,-0.159,-238620,341003063,524754,-763374,1.706,2228528963643,0,-76,-0.761,-44168421,39182677568,183648211,-227816632,0.929,2220967818481,4632540
801457,武汉,0,-0.001,-3228557,173403341,14507185,-17735742,2.502,553981903488,-4614620,-75,-0.755,-108605192,12655192543,420347912,-528953104,1.058,549167989056,-35272600
801461,C2M,5,0.056,-1270170,17193692,386400,-1656570,1.41,255437918496,0,-79,-0.791,-48003676,3043459056,76056027,-124059703,0.862,254537515464,-3707530
801462,RCS,-13,-0.137,-2783191,129413588,2846248,-5629439,2.104,500025658368,0,-161,-0.267,-216389544,13134829335,637624407,-854013951,0.936,501649655459,-26872100
801464,农业,-4,-0.044,1635485,196099110,6337175,-4701690,2.644,2138284786164,0,1079,0.815,227000016,29966064791,2937710129,-2710710113,1.253,2167889992338,114405000
801467,REITs,-19,-0.198,798198,48900792,1645350,-847152,1.796,776211012532,0,48,0.487,12987589,7628886839,123758325,-110770736,1.114,779151628881,18561900
801468,电子烟,-6,-0.068,1766788,39756889,2309487,-542699,1.126,391566165275,0,-97,-0.979,45566505,5548067474,348924744,-303358239,0.664,387620716859,2347130
801471,免税,-18,-0.182,3960838,70516800,12848730,-8887892,2.0,739912055656,7240360,3,0.035,-45274383,8245118355,893237509,-938511892,0.93,745750349608,3788610
801479,NMN,-23,-0.235,-469368,12188326,0,-469368,1.464,125990389215,0,-191,-0.719,-24323078,1899580481,99970366,-124293444,1.057,125217011743,0
801493,光储充一体化,-6,-0.064,640606,8411340,1365909,-725303,0.63,139494102623,0,-108,-1.083,8304685,2696011464,363765730,-355461045,0.747,138267184731,14348000
801511,高端制造,-1211,-0.083,2347258,449624060,24722307,-22375049,2.008,1799426206688,0,-142,-1.423,-481565498,38902556120,2003552101,-2485117599,0.851,1780858442272,-70853700
801519,汽车类,-2805,-0.051,-12144537,1037438924,61857845,-74002382,1.581,8759789555136,-13689400,801,-0.932,-782684256,120339260304,4847647125,-5630331381,0.839,8698641909425,-152478000
801522,专精特新,-1213,-0.135,1885457,337048954,26279906,-24394449,1.609,2132669294016,0,-138,-1.385,-411405312,42593931252,1283647811,-1695053123,0.852,2108771844096,-50199800
801529,激光,-429,-0.295,0,104927700,0,0,2.194,237199964032,0,-134,-1.342,-4369090,9510873280,131059020,-135428110,0.931,234171434992,0
801530,中字头,-430,-0.308,-5498526,321550481,7045198,-12543724,1.116,8143025039488,-3735320,-680,0.52,-189847564,47278606265,825941656,-1015789220,0.961,8267800236336,-71525100
801541,生物质能,-7,-0.077,0,26511761,0,0,0.906,412844550787,0,28,0.286,-5936538,4686741516,4863185,-10799723,0.869,415940258824,0
801543,水电,-21,-0.218,527859,11109297,926946,-399087,0.567,1053718533021,0,36,0.367,55730283,3432769255,440497934,-384767651,0.704,1067088569479,31686500
801546,钒电池,-8,-0.082,0,10586169,0,0,0.43,443029834821,0,-52,-0.081,-16026226,5815021799,81713847,-97740073,1.283,444699930550,-7970000
801547,碳基材料,14,0.143,0,8029249,0,0,1.688,131023543791,0,-31,-0.313,-6835506,1349625605,21163868,-27999374,0.822,130657701828,0
801550,国资云,-44,-0.445,922933,176533773,2960157,-2037224,1.229,790363823644,0,-71,-0.471,-38606318,22978231205,532722411,-571328729,0.965,792022906491,18040100
801553,元宇宙,-529,-0.058,22105926,1576852289,92869961,-70764035,2.547,3330002652864,182564,-248,-1.1,-571282557,127943218545,3556232094,-4127514651,0.918,3302037132502,-118351000
801564,绿色电力,-17,-0.176,-3961655,62760604,616350,-4578005,0.779,2368934427548,0,34,0.348,-224442244,14522765610,1312162220,-1536604464,0.766,2395454506730,-80577400
801565,海工装备,-16,-0.165,155617,34587889,524754,-369137,0.562,672252657988,0,-27,-0.278,-6816023,10385287129,59715204,-66531227,0.789,674018789421,0
801567,NFT概念,-37,-0.374,-3291691,73911629,732093,-4023784,1.146,223706431280,0,-112,-1.121,-71632014,11475897087,364142643,-435774657,0.89,221377561665,0
801571,一季报增长,-7810,-0.103,2294495,3504782488,113312139,-111017644,1.529,44618122310112,667244,-57,-0.503,-1274846007,469832600424,10120475472,-11395321479,0.98,44838061473216,-75613800
801574,年报增长,-2811,-0.108,-5515509,2149129885,56728447,-62243956,1.365,31410783128832,-3084090,-61,-0.563,-884750128,287287106838,4407681061,-5292431189,0.973,31575393350883,-117511000
801575,智慧矿山,-4,-0.04,132252,21712484,725088,-592836,1.513,93081600315,0,-33,-0.338,6567887,2341423383,50819068,-44251181,0.822,93212448295,0
801576,石墨化,-5,-0.052,273287,27211503,1885598,-1612311,1.03,821920096420,0,-47,-0.471,-10859626,6773239817,125437660,-136297286,0.833,821591741786,0
801578,铀矿,-28,-0.285,0,1081624,0,0,0.317,91149941307,0,17,0.178,0,653055939,0,0,0.81,91819878140,0
801579,垃圾发电,5,0.057,-21671,6805064,324433,-346104,0.855,305116965261,0,2,0.021,-41727205,1758376145,152520153,-194247358,0.781,304679648580,-3425130
801580,发电机,-18,-0.181,0,2226932,0,0,0.43,119037079076,0,-56,-0.567,-6592577,808337191,89208592,-95801169,0.822,119270561458,6234400
801584,数字经济,-414,-0.12,13073435,2832761745,347115045,-334041610,1.938,8959370880576,-12079000,1818,-0.694,-2190729332,278580996238,19092084072,-21282813404,0.963,8930838507264,181038000
801587,光热发电,-17,-0.173,-1224190,7300833,0,-1224190,0.758,282033203768,0,-61,-0.613,-22862326,2417566810,78276522,-101138848,0.791,282708715548,-8666040
801606,成渝经济圈,7,0.074,0,1922748,0,0,1.247,38787886486,0,75,0.756,3524621,487025998,55279091,-51754470,1.341,39108062814,-3942600
801612,脑机接口,-46,-0.466,-5048119,182928269,16535671,-21583790,1.742,246581959353,-7480410,-483,-1.638,-208317904,15975747252,1118026388,-1326344292,0.84,247041015547,-65886200
801613,幽门螺杆菌,1,0.015,0,3770026,0,0,0.573,112473608976,0,-138,-1.381,-10305980,1514766134,43781908,-54087888,1.064,110275026935,-3008090
801614,电子纸,-299,1.005,0,27839765,0,0,2.901,90231960000,0,-228,0.074,-7489836,2619083821,16877972,-24367808,1.168,89666959161,0
801623,中俄贸易,-3,-0.036,339780,25018360,339780,0,1.209,330345947145,0,-9,-0.098,-12437857,4189117552,93746042,-106183899,0.924,332038013642,-1924760
801625,在线办公,-36,-0.368,1400214,229816394,2498547,-1098333,2.562,527271527003,0,-87,-0.475,14793808,19176141965,92931691,-78137883,1.008,525614874316,-319
801628,资产管理,-7,-0.071,0,7221448,0,0,1.445,193655725586,0,48,0.485,1971883,1544831863,57210294,-55238411,1.036,195192455112,0
801631,次新股,-807,-0.043,12828022,543286323,62473345,-49645323,2.16,533443643008,6982000,-418,-1.404,-262544865,49803862565,1595091052,-1857635917,0.996,526048149179,-8301510
801632,县城城镇化,-828,-0.282,948080,86496086,3265015,-2316935,3.028,257655569408,0,152,1.798,37229653,8753104270,340727387,-303497734,1.346,262028056484,-4462670
801635,平台经济,-1011,-0.117,9279183,631523266,30682548,-21403365,2.202,2965900209984,14448600,1439,-0.45,-317413427,65019814342,1492889547,-1810302974,0.983,2961668450944,6813080
801636,露营经济,-607,-0.079,-162514,11044143,483626,-646140,1.283,79531786400,0,-43,-0.438,-2799349,1436254122,86455107,-89254456,0.939,79081335442,3192500
801637,潮玩,21,0.219,24575674,93179774,45421804,-20846130,5.96,56976490250,22653000,-326,-2.264,18036721,5169733493,977655737,-959619016,1.335,55247011471,127456000
801639,成交所概念,6,0.061,0,132936295,0,0,3.574,109989222383,0,-107,-1.079,-1120885,9133326650,36246814,-37367699,1.057,108062970386,0
801640,就业概念,-37,-0.371,0,73000169,0,0,2.196,90486723857,0,-248,-2.487,-56767118,5484479392,37117999,-93885117,1.107,87974565173,-15871200
801642,石英材料,-25,-0.256,588728,5590182,1251047,-662319,0.673,200367489352,0,-51,-0.516,4958711,1269189762,125489714,-120531003,0.704,200338792865,-27518500
801646,信托概念,7,0.077,-310676,22637332,0,-310676,2.292,608208185903,0,34,0.344,7405794,3862747493,59580283,-52174489,0.974,609488283958,0
801648,数字藏品,-56,-0.563,-697888,229457429,0,-697888,2.248,362943034562,0,-103,-1.036,6165968,21511353576,56759012,-50593044,1.063,363631369611,0
801649,两轮车,-29,-0.291,-787783,7868017,0,-787783,1.03,107446528421,0,-71,-0.712,-37896805,1526392972,83169441,-121066246,0.97,107743426396,271135
801650,SHEIN概念,4,0.04,0,2483509,0,0,1.209,25392966353,0,7,0.073,391516,347213925,18240850,-17849334,0.812,25420723681,0
801651,湖南,-11,-0.116,-3695195,137648656,5881553,-9576748,1.392,1234088436199,0,-68,-0.522,-84381455,22341072123,494967581,-579349036,0.974,1232325546716,-16952500
801653,霍乱概念,6,0.07,0,726494,0,0,0.251,54712815339,0,-140,-1.4,5461586,631392635,28636860,-23175274,0.852,53948775421,0
801654,眼科医疗,-9,-0.093,-84017,25410017,437776,-521793,0.953,773000086013,0,-95,-0.956,-19343906,6750301148,63142665,-82486571,0.88,768142041727,0
801655,隐形冠军概念,-10,-0.106,-1798864,72005345,3743807,-5542671,1.236,1027348097016,0,-116,-1.165,-7241126,16498034948,266701336,-273942462,1.097,1021336512661,-6151050
801656,热泵,-19,-0.192,583079,7447992,583079,0,1.09,126050010506,0,-81,-0.819,-16014008,1365218928,63427136,-79441144,0.765,125790975920,-10745500
801660,通信,-23,-0.238,-14133049,1060451579,264542492,-278675541,1.881,3104324958992,1491930,88,-1.002,-2392787014,96282301952,10413125371,-12805912385,0.984,3089763097688,-714219000
801662,火电灵活改造,4,0.045,0,5230370,0,0,0.748,188087069354,0,-77,-0.778,-16995397,1671838527,51447961,-68443358,1.0,188880758482,-3387820
801664,中芯国际概念,-22,-0.222,0,81034984,0,0,1.285,1187938847340,0,-219,-2.197,-47413111,17296765068,99241986,-146655097,1.018,1171360012373,0
801672,web3.0,-62,-0.623,345709,500927372,345709,0,2.08,690034265984,0,-220,-1.754,-49439502,46052180366,119322046,-168761548,0.858,682951981281,-10837100
801676,地产链,-3019,-0.182,6924803,610711788,58527628,-51602825,3.264,4302468594112,5877250,3068,0.717,1753938711,64437791505,8744052310,-6990113599,1.1,4364881177792,677740000
801689,客运,39,0.392,680871,24069520,8571300,-7890429,4.88,320186155264,3199160,89,2.03,-40762727,2290878370,515745463,-556508190,1.863,320036469020,7678100
801694,非金属材料,-9,-0.094,588728,4915984,1251047,-662319,0.884,87538183599,0,-76,-0.769,9360647,889553886,154243459,-144882812,0.765,87239998005,-18551400
801700,高压快充,-397,0.022,-1279883,62939846,0,-1279883,1.786,254589024128,0,-190,-1.907,-26294431,8345301927,327611299,-353905730,0.926,251201473093,-21124900
801705,超导概念,-9,-0.092,0,9324874,0,0,0.953,172228798661,0,-64,-0.645,-6305317,2263700045,52848200,-59153517,0.789,171488663437,-6599590
801719,腾讯概念,-28,-0.187,2566724,403046107,21720142,-19153418,1.656,1491578107904,0,-91,-0.814,-73535955,49847309486,1072805057,-1146341012,0.916,1491211703809,46262100
801733,中特估,-19,-0.195,-17367,314773387,2297599,-2314966,1.046,15004302855614,0,99,0.992,208369105,64471845552,1108929324,-900560219,0.997,15241775807668,96668500
801735,中船系,-52,-0.53,-37721,24563473,372790,-410511,0.616,340177984162,0,-14,-0.148,7702735,5886327185,90717744,-83015009,0.666,343385155398,0
801773,热力,-18,-0.186,783825,36484851,3390260,-2606435,1.503,95020149829,0,23,0.236,-21496783,3530826696,106737831,-128234614,0.786,95610878823,0
