股票代码,板块名称,当前强度_0930,当前涨幅_0930,净额_0930,成交额_0930,主力买_0930,主力卖_0930,量比_0930,流通市值_0930,300w大单净额_0930,当前强度_1500,当前涨幅_1500,净额_1500,成交额_1500,主力买_1500,主力卖_1500,量比_1500,流通市值_1500,300w大单净额_1500
801001,芯片,-28,-0.284,-10941341,420403439,41240592,-52181933,1.192,7072423227545,0,688,1.695,158318590,89271487769,8000374104,-7842055514,0.984,7173687157427,54677200
801004,锂电池,495,-0.042,-1066341,576317070,127635001,-128701342,3.978,6180353789312,-15456800,1916,1.228,-151417786,63585822813,4690400498,-4841818284,1.156,6222255666688,58950300
801008,高送转,-40,-0.4,0,28386346,0,0,1.323,947125053953,0,64,0.648,-2197735,7435989572,2412490,-4610225,1.179,958412836195,0
801009,充电桩,0,0.072,41638,147106930,31693003,-31651365,2.714,1239846545216,9622800,202,2.132,-102289653,18004315468,938777068,-1041066721,1.147,1261867180416,39147900
801012,钢铁,-22,-0.229,-401743,26494957,3160395,-3562138,1.563,769717743284,0,62,0.621,-53897997,4901614245,772760554,-826658551,1.003,774293966455,-36777100
801016,稀土永磁,-13,-0.133,2626437,39003988,7824371,-5197934,1.288,795332041138,0,139,1.4,-70825765,7319839466,723464585,-794290350,0.867,805047524872,-20984200
801019,物流,-24,-0.242,4394200,100136208,10431301,-6037101,1.803,1334401339200,0,676,1.961,-56763123,14437688161,912149051,-968912174,1.002,1355581331876,24377900
801022,换电站,-36,-0.363,0,31988726,0,0,1.246,496124528213,0,162,1.626,19647803,5141362799,130582349,-110934546,0.892,505203000527,0
801027,银行,-16,-0.168,-930659,116258942,62123284,-63053943,1.997,6726105399331,12696100,-88,-0.882,-723156371,13836529013,4570741923,-5293898294,1.075,6689941246727,-110563000
801031,文化传媒,-44,-0.449,5232058,142192689,22788940,-17556882,1.358,1155164400101,12671000,101,1.015,-1049070,25120137530,2932513715,-2933562785,0.877,1170369420747,105973000
801032,深圳国资改革,-78,-0.785,0,22907235,0,0,3.117,102526028621,0,57,0.571,667091,2205815162,5130347,-4463256,0.931,103460921951,0
801033,国企改革,-35,-0.357,2160231,594634234,13913858,-11753627,2.104,7278400526201,0,114,1.221,-145021679,80127101052,1507224554,-1652246233,0.998,7348239623755,10925200
801035,酿酒,-21,-0.214,-9630900,239161645,96665014,-106295914,1.813,4673637709569,-24554600,2700,2.001,879061427,24490053880,5910431330,-5031369903,1.147,4760762573195,353610000
801039,机场航空,-34,-0.349,-1763180,8858265,0,-1763180,0.548,640659826618,0,127,1.273,-182898463,3115077077,484340437,-667238900,0.747,644197660770,-15599500
801040,造纸,-37,-0.378,290828,9882863,608202,-317374,1.269,169446505469,0,84,0.844,-39019845,1754545377,156535701,-195555546,0.968,171236711959,-4150330
801044,土地流转,-21,-0.215,-3623429,88555123,2317385,-5940814,4.575,354493845570,0,84,1.052,-50153405,5008122658,104408561,-154561966,0.998,358196344285,3792970
801045,医药,-37,-0.366,39725952,762854673,130767033,-91041081,3.569,5900573428864,14470200,2515,0.166,-615393891,71406784437,6759755933,-7375149824,0.947,5939923558272,233722000
801046,医疗器械,-39,-0.394,-1942367,189561698,24180192,-26122559,2.225,1672578199535,0,12,0.172,-248516725,21540371990,1613589750,-1862106475,0.953,1685681710732,25158100
801047,钠电池,-11,-0.112,366436,163384124,366436,0,1.75,2048256656167,0,67,0.9,15594061,16692902023,162935125,-147341064,1.025,2054982385032,3802560
801048,黄金,-47,-0.476,116622,43871665,6005096,-5888474,1.978,816393215616,0,72,0.831,-87548784,5726024601,461418513,-548967297,0.959,826693380322,-7779980
801049,租售同权,-58,-0.586,0,34157232,0,0,2.622,473731176798,0,1,0.011,-6724132,3102224155,9681666,-16405798,0.83,477019132825,0
801050,彩票概念,-31,-0.315,0,108498208,0,0,3.162,141959911150,0,112,1.129,-10831227,10442982626,14838118,-25669345,1.37,144817493188,0
801052,环保,-14,-0.144,-885557,128802909,15885672,-16771229,1.548,1697461572416,0,139,1.433,33320016,20866942794,1619260864,-1585940848,1.017,1718037145664,-23458500
801053,零售,-35,-0.332,5436427,313918296,14726876,-9290449,4.171,2730649376064,5056800,590,1.003,-92648528,37351890497,1190632104,-1283280632,1.016,2765263278806,37978300
801057,石油石化,-24,-0.247,-1549628,32603598,4172953,-5722581,0.924,2655848479813,0,135,1.354,-24081586,6903470643,783125405,-807206991,0.808,2681437997849,6522470
801062,军工,-19,-0.197,-2421214,276639707,42636183,-45057397,1.717,4318180274048,9622800,5151,2.779,487007378,65652782693,7046600684,-6559593306,1.329,4433588414208,277519000
801067,面板,-27,-0.275,-514539,103324546,6649051,-7163590,1.102,1935968722240,0,145,1.55,-92852770,22010978287,1512239341,-1605092111,0.952,1958342915057,-25709400
801070,光伏,-17,-0.178,-10711003,312866196,43291029,-54002032,1.634,6561821782400,6516510,116,1.164,-781304646,58308569501,4307060616,-5088365262,1.01,6617324733347,-206151000
801071,保险,-54,-0.545,1887235,53035396,31344011,-29456776,2.303,1779328845948,12962700,-605,-0.163,-567562784,5319419182,1409661248,-1977224032,1.031,1762423515609,-177250000
801074,核电,-18,-0.184,180712,27919609,1118420,-937708,1.24,832177079501,0,174,1.743,-77759,5920411746,496096909,-496174668,1.011,841815277157,22224800
801075,自主可控,-36,-0.366,5544463,44317834,12020557,-6476094,1.459,350603350813,0,148,1.483,-50192962,6815141587,440104742,-490297704,0.86,356693275398,-12268600
801076,乡村振兴,-30,-0.302,4568575,66591020,7226237,-2657662,1.421,839814653056,0,114,1.315,-40618022,10867736996,341671153,-382289175,0.886,849577825408,-3851310
801080,煤炭,-27,-0.278,-1621415,25352046,1602998,-3224413,1.609,1405167622120,0,21,0.216,-73658473,5296843920,815625971,-889284444,0.885,1408139597742,19611900
801081,证券,-77,-0.778,77307995,760265891,429563075,-352255080,2.601,2700811546834,109082000,339,0.398,-1585384150,71373739627,27160134415,-28745518565,1.076,2713345164391,756285000
801082,ST摘帽,-29,-0.25,6459611,266898067,65794238,-59334627,3.986,1643239047104,0,104,1.16,-177346302,25279467307,1680655451,-1858001753,1.016,1660996134458,-51243100
801085,人工智能,-42,-0.421,22679277,1057687539,140788104,-118108827,1.435,7811454299584,37940900,1950,1.61,1126205517,164055462727,14844055294,-13717849777,0.998,7937013171584,718552000
801086,玻璃,-15,-0.156,0,6429633,0,0,0.759,311206991347,0,103,1.034,-23622958,1780181494,138630898,-162253856,0.95,315395569201,-7038650
801087,风电,-21,-0.217,1729917,151144215,32015131,-30285214,1.928,2246173491264,9622800,628,1.346,-244516798,21160504975,1434810311,-1679327109,1.084,2266065755648,-5724780
801088,有色金属,-28,-0.289,-13407606,111263492,9809875,-23217481,1.538,2495378919758,0,110,1.108,-281519948,19234724060,1786635148,-2068155096,1.011,2521010972676,-42107000
801092,蓄电池,-8,-0.09,0,4715245,0,0,1.269,100462567620,0,115,1.159,556630,933325929,916530,-359900,1.109,102579999624,0
801093,天然气,-39,-0.391,6638017,80196667,17143709,-10505692,1.465,2551923262528,3445200,68,0.784,-166903769,8629495922,734228420,-901132189,0.707,2576702841299,-20105800
801095,游戏,-39,-0.392,-516032,96213902,16327999,-16844031,1.502,668831067739,6272980,123,1.234,683203267,19678508076,3859960899,-3176757632,0.929,681146892795,298507000
801096,钽电容,-53,-0.538,0,2083023,0,0,1.001,71724834883,0,395,3.954,-6420765,1225736349,46195799,-52616564,1.211,75485686489,0
801097,流感,-41,-0.416,1063458,38281753,1063458,0,1.803,396011108185,0,-17,-0.179,2317164,4734464204,96066858,-93749694,0.897,398166562121,0
801099,覆铜板,-13,-0.136,0,8864722,0,0,0.748,251525025080,0,123,1.237,-16355190,2513670884,81199985,-97555175,0.938,254018591178,0
801100,多胎概念,-38,-0.343,4179169,244542079,15463167,-11283998,7.784,605458262400,0,32,0.45,-143418967,13919054249,417358843,-560777810,1.13,609118929792,-6330460
801102,涤纶,-41,-0.411,0,15751373,0,0,1.635,406123734545,0,16,0.162,-2828068,2652826586,176866858,-179694926,1.085,405988167044,-3076150
801104,开板次新,0,0.0,0,0,0,0,1.0,0,0,0,0.0,0,0,0,0,1.0,0,0
801112,互联网金融,-83,-0.839,71413684,669490512,277212094,-205798410,2.802,1187380209955,98818200,54,0.546,-1139715019,48408865752,8510062256,-9649777275,0.923,1193794151270,-61795100
801114,外贸,-20,-0.206,-8139057,284201053,27149909,-35288966,3.378,834806945312,0,113,1.189,-352813611,21005733588,945618477,-1298432088,1.241,848025061454,9017100
801115,海南,-38,-0.382,-488506,87150014,0,-488506,1.919,404642942464,0,52,0.522,5383310,7252124579,155675645,-150292335,0.863,407629562997,6387850
801117,港口,-28,-0.283,-362986,4701500,0,-362986,0.997,403911930286,0,67,0.67,14997068,1162029733,194658346,-179661278,0.941,405692363659,257021
801120,电力,-12,-0.129,-9357385,44657915,2264227,-11621612,1.509,2011098961605,-3141560,48,0.594,-95822360,8651471261,1176699259,-1272521619,1.018,2018442011629,10099600
801122,壳资源,3,0.034,-2577568,74034429,11323553,-13901121,1.954,354050038336,-3890220,182,2.058,-52030090,10512083053,424501069,-476531159,1.2,360178898944,-20701200
801123,服装家纺,-6,-0.064,-5742007,88360383,12737954,-18479961,3.597,470097285920,0,82,0.904,-193687933,7064136860,538834619,-732522552,1.185,474458003651,6409870
801126,期货概念,-26,-0.266,5095848,129445305,41563661,-36467813,2.416,722430615593,9370060,607,1.231,-173414557,12501249329,1843596959,-2017011516,1.05,724565626042,-31369200
801127,海航系,-97,-0.978,0,6938959,0,0,3.196,24912962960,0,-135,-1.356,-16509037,289548598,37074523,-53583560,0.788,24975971626,0
801128,国产软件,-50,-0.505,6836977,354686123,28644084,-21807107,1.667,1734924453568,0,108,1.135,-33566991,40811669581,2417105781,-2450672772,0.925,1752418107911,4289830
801132,粤港澳,-23,-0.24,-493721,75644538,2015841,-2509562,2.947,530449557214,0,125,1.26,-33431242,9070483940,183226988,-216658230,1.2,535481303553,-12762500
801136,安防,-20,-0.206,-3418421,79766936,9497411,-12915832,2.385,450098398400,0,118,1.188,-206751757,6881240227,536119674,-742871431,1.105,458552754374,-20826400
801137,醋酸,-11,-0.115,0,609804,0,0,0.659,100348745924,0,85,0.857,-1488384,457366393,91684370,-93172754,1.084,101320365382,0
801138,超级电容,-35,-0.359,0,12948430,0,0,1.851,297175549436,0,156,1.567,1433828,3033875701,8344588,-6910760,1.098,304067861864,0
801139,培育钻石,-27,-0.275,0,4772845,0,0,1.781,102949652720,0,181,1.818,-11846333,1105006349,31092767,-42939100,1.137,104344292159,-21574400
801142,蚂蚁金服概念,-33,-0.249,5157180,120787361,14191713,-9034533,2.3,2722633591238,3744580,72,0.791,-82677763,14466630968,874826491,-957504254,0.901,2715823189302,-14167400
801144,医美,-27,-0.271,-12873549,105843682,12077915,-24951464,3.23,741189263232,0,38,0.5,-121297433,10909924217,549395184,-670692617,0.971,745251136128,3004820
801146,阿里巴巴概念,-55,-0.559,7122724,193648522,21582053,-14459329,2.016,845559432381,0,125,1.373,18038182,25929930446,383367663,-365329481,1.088,860830617221,11038800
801148,碳中和,-15,-0.151,433880,146718225,7287276,-6853396,1.735,3526104131712,0,97,1.05,-22288242,22624205878,529297924,-551586166,0.986,3547742623488,0
801149,社区团购,-28,-0.285,0,10600745,0,0,1.062,189921317450,0,122,1.222,-8336154,2336985837,54206319,-62542473,0.85,193007060899,0
801153,创投,-30,-0.301,-6617990,238713182,45193095,-51811085,3.403,1128885224448,6457330,120,1.318,-287567413,22063579284,934391521,-1221958934,1.103,1144629719040,-14073900
801157,智慧停车,-23,-0.233,-794459,6203902,700188,-1494647,1.465,85942355977,0,99,0.996,-13223021,1064304447,25500568,-38723589,1.099,86923468542,0
801159,机器人概念,-15,-0.156,-1829262,384487067,37725896,-39555158,1.958,2710696205696,1168700,10517,3.426,1210990215,59242890544,4731217900,-3520227685,1.378,2785204558848,860106000
801162,超跌,-24,-0.236,1867587,351216631,36839030,-34971443,2.618,2227458923584,9622800,132,1.367,-287007286,38124245214,991830536,-1278837822,1.041,2256199131467,-31779300
801164,自行车,-11,-0.118,0,4695308,0,0,1.689,43396949198,0,266,2.668,3085461,906126795,15275163,-12189702,1.336,44626958098,0
801165,氢能源,-21,-0.215,-9260408,198310085,5271045,-14531453,1.673,5711155711572,0,139,1.497,-95880913,35852798591,1230808264,-1326689177,0.996,5778224136863,-56764100
801166,上海国资改革,-7,-0.079,-2194800,77436749,6131799,-8326599,4.942,513365615872,0,157,2.108,-80649950,4780964782,172786250,-253436200,1.537,517483751864,6409870
801168,工业气体,-10,-0.105,-1160482,8520472,2030778,-3191260,2.123,74682360389,0,119,1.191,11496814,1172598777,283247677,-271750863,1.017,75772954920,0
801169,VR/AR/MR,-36,-0.363,-1100854,146349367,14213399,-15314253,1.402,1584665121048,-3192160,130,1.522,-129245748,27988068617,934007127,-1063252875,1.0,1602857518899,-13773100
801170,金融科技,-82,-0.828,8639027,218295060,36537723,-27898696,2.481,544518603891,0,75,0.754,6531538,19045520505,818048059,-811516521,0.912,549336043600,-17976900
801175,聚丙烯,-26,-0.263,0,7843046,0,0,0.974,1238011871350,0,84,0.848,-3753152,2017826632,17671595,-21424747,0.891,1248278138894,0
801178,储能,-11,-0.058,-4479894,342851041,9232005,-13711899,4.465,5483259986688,0,126,1.389,-318732566,45832849964,2165203984,-2483936550,1.125,5523854947875,-77360400
801182,雄安新区,-30,-0.306,-3072632,125778642,3164374,-6237006,3.275,791949284672,0,131,1.485,-20061533,11203717206,263454549,-283516082,1.02,802558794151,-3158560
801184,包装印刷,-16,-0.165,608202,105649880,608202,0,3.183,350816946677,0,129,1.29,-31107667,8385140805,171050607,-202158274,1.22,354753988779,-13420300
801190,卫星导航,-20,-0.201,973526,42492971,7178841,-6205315,0.849,778387508466,0,795,2.87,96671112,11593349198,1014804376,-918133264,1.234,799174850062,16021200
801193,知识产权,-38,-0.388,-3393180,72477235,6816824,-10210004,2.366,314954807183,3200000,138,1.383,-213722033,12042656759,766351372,-980073405,1.115,321093150937,-35182400
801196,LED,-21,-0.22,-425000,9777061,0,-425000,1.222,238154148298,0,141,1.41,-29163842,2328307520,59119594,-88283436,0.892,240450568694,0
801198,送转填权,-25,-0.251,392427,238782188,16065511,-15673084,1.551,1709139477120,-3890220,137,1.487,-174981289,36511218565,1175546982,-1350528271,1.085,1734732768737,-15020200
801199,汽车零部件,-20,-0.184,5109522,682304424,96114873,-91005351,1.81,7292251664192,4900600,711,2.255,-134590910,100102184967,6159220215,-6293811125,1.186,7406087692160,55634500
801200,互联网医疗,-59,-0.6,1286054,86519152,2265934,-979880,2.199,379971164591,0,75,0.76,3404256,8523666637,241555587,-238151331,1.01,383235148851,-3000900
801202,世界杯概念,-12,-0.124,0,101815911,0,0,2.408,294452622048,0,132,1.626,-3691173,9118978140,40551024,-44242197,1.237,303283552655,0
801209,振兴东北,-19,-0.195,0,6828286,0,0,1.118,232236545532,0,107,1.076,-5361117,1354844440,14125279,-19486396,0.861,233564585190,0
801210,操作系统,-50,-0.502,4148658,87333151,14440084,-10291426,1.564,696126681227,0,120,1.203,-13077373,13736159703,923162565,-936239938,0.836,708055398284,11508600
801211,新疆,-36,-0.362,-375871,15355871,0,-375871,0.937,291325083552,0,117,1.177,-4942348,3258251492,41181324,-46123672,1.01,295252001342,0
801215,徐翔概念股,7,0.072,0,2085677,0,0,2.251,20925141625,0,67,0.672,-3864321,280002111,5062903,-8927224,0.873,21003557505,0
801216,印制电路板,-23,-0.232,1379936,19617628,1746296,-366360,0.617,437406324086,0,123,1.231,73252113,6550301676,590468162,-517216049,0.899,441414451372,13167300
801218,华为概念 ,-29,-0.275,5133614,645724195,26007289,-20873675,1.474,5820220830912,7430360,143,1.545,72130460,90422537651,2336636409,-2264505949,0.977,5884054918668,89006300
801220,食品饮料,-32,-0.322,-4610116,113445965,3864985,-8475101,1.43,2034545981901,0,92,0.93,-116176691,17813299844,1290243048,-1406419739,0.824,2057729131901,-4460310
801224,3D打印,-10,-0.102,-309440,26702726,0,-309440,2.078,157790115452,0,244,2.45,26566536,4684856726,202817816,-176251280,1.266,162412368290,7096150
801227,烟草,-27,-0.275,0,40762006,0,0,6.02,189687726587,0,69,0.699,-5407029,3504662005,23240236,-28647265,1.623,190654183201,0
801232,环球影城,-83,-0.834,0,19514538,0,0,2.94,41312282873,0,71,0.72,0,1150187363,0,0,0.774,41771478786,0
801234,航运,-22,-0.221,-539594,32037959,2766650,-3306244,1.266,615192053888,0,130,1.619,-7130382,4825176236,283469767,-290600149,0.88,623056025722,9383620
801235,化工,-17,-0.18,-1988437,266309627,13815225,-15803662,1.563,7961450224424,0,100,1.001,-385866477,43200856019,2300804954,-2686671431,0.969,8027563171691,-37583000
801241,核污染防治,-19,-0.196,0,5954693,0,0,0.937,184899907981,0,152,1.526,901297,1229715827,40445950,-39544653,1.121,187025720552,0
801243,宠物经济,-203,-1.433,5420852,32288111,8501273,-3080421,7.224,38842224630,0,-2,-0.029,-40145009,1571682912,211648612,-251793621,1.618,39223472976,-6748440
801246,水务,-7,-0.078,532840,6172612,532840,0,1.809,115287772814,0,125,1.255,-20594862,1022996967,55108499,-75703361,1.11,116221495548,-5027800
801248,智能驾驶,-36,-0.368,1858989,259358379,5253633,-3394644,1.153,3540448047997,0,686,1.93,14698869,54604448733,1120078522,-1105379653,1.065,3601437622103,-6436080
801250,并购重组,-28,-0.257,897213,1148263419,28031332,-27134119,2.344,16236021937280,-3890220,107,1.198,-257802450,166348738507,1973746389,-2231548839,0.976,16436196319808,-55576500
801251,送转预期,-26,-0.262,0,10906124,0,0,1.084,133053308275,0,130,1.641,-18585171,2613508587,59150759,-77735930,1.072,134886845498,7400440
801253,数字能源,4,0.047,0,63365157,0,0,0.876,1158740303916,0,146,1.465,-6013780,7054926825,30611749,-36625529,1.035,1162510372403,0
801254,防脱发,-21,-0.211,0,32426163,0,0,7.657,174289112302,0,37,0.372,705619,2090915485,5784994,-5079375,1.123,175369723436,0
801270,基础建设,-32,-0.326,-707606,252086527,21234927,-21942533,1.78,3589264300736,0,612,1.144,-26200864,34409704129,3238982964,-3265183828,0.955,3627289207327,46564100
801273,股权转让,-22,-0.221,-157981,876166942,39058863,-39216844,2.232,7150719352128,0,128,1.398,-349394712,111954737680,2227926210,-2577320922,0.981,7242681024896,-43598600
801279,砷化镓,-12,-0.128,0,2439235,0,0,0.749,115319997155,0,102,1.025,-1556410,1164381230,7711241,-9267651,1.369,115052374967,0
801284,举牌,-18,-0.184,1851517,101688186,27696235,-25844718,3.877,735070377839,9622800,103,1.033,-182454206,8010582912,338476731,-520930937,1.146,739821147647,-18842200
801287,养老概念,-30,-0.304,1270267,69442433,1270267,0,4.703,194844166940,0,51,0.513,-18471731,5640671037,90367143,-108838874,1.088,196577503662,0
801301,体育产业,-29,-0.299,9754075,176803278,17236008,-7481933,1.632,1753243015122,0,117,1.179,-27802768,21717911197,599888109,-627690877,0.981,1775083438202,5574350
801306,深圳,-29,-0.29,3719158,446321568,45171638,-41452480,2.326,6104755263552,9370060,102,1.078,-221699219,54332864981,2259121241,-2480820460,0.99,6151770903412,-71595800
801310,浙江,-22,-0.227,3716408,110497436,5636396,-1919988,1.324,1771198315200,0,126,1.314,-78640237,18626597735,371463283,-450103520,0.993,1792009585024,-12200400
801313,参股金融,-41,-0.392,-5939986,397273615,8879525,-14819511,2.551,4165524529280,0,555,0.699,-189854107,38760714074,1197158948,-1387013055,0.998,4188407099520,-31533200
801314,ST板块,465,-0.342,-9403302,236917440,24497980,-33901282,10.6,375611647296,12884500,1901,0.514,-114153111,4896338973,382782070,-496935181,0.932,378183308144,9751970
801315,高校,-19,-0.195,3044755,72713219,3792056,-747301,3.34,457105985721,0,163,1.895,-31369577,9623172196,285195966,-316565543,1.347,464790369665,-23499600
801319,福建,-39,-0.393,0,156548911,0,0,1.677,1603772169349,0,128,1.281,-5304361,14168236519,42714150,-48018511,0.91,1620582434448,0
801321,广电网,-39,-0.397,-859262,10569415,0,-859262,0.955,216684000193,0,132,1.321,50857918,2484665850,217798670,-166940752,0.93,220019358572,21907500
801328,消费电子,-22,-0.223,5248397,282682524,24181287,-18932890,1.232,4244360659904,7430360,161,1.702,-159623999,50532658850,2139693669,-2299317668,0.972,4306329089326,5214590
801329,白银,-61,-0.616,-967005,8233887,0,-967005,1.292,244316479309,0,123,1.237,-10448670,1694991429,130415454,-140864124,0.883,248008375201,3596500
801330,旅游,-57,-0.571,29595,61441217,5733783,-5704188,2.49,551922712166,0,31,0.313,-1322206,7859784806,1095630035,-1096952241,0.799,563063704979,-1996960
801332,大麻,-33,-0.333,-2040264,85051670,5340916,-7381180,3.197,405503697624,0,66,0.819,-51621473,7305578401,198443019,-250064492,1.064,409688966827,3464360
801342,超高清视频,-29,-0.298,699003,66665073,1459670,-760667,0.905,1424988510440,0,131,1.311,-24735306,16680228564,446356598,-471091904,0.935,1445227191519,19386600
801346,智能电网,-7,-0.047,13126039,327720195,57058895,-43932856,2.155,4362425963520,14630200,159,1.723,-152672239,43972622453,2005350240,-2158022479,1.102,4395607415171,244362000
801350,一带一路,-31,-0.318,8542382,271153521,18988167,-10445785,1.385,7928595364352,0,629,1.357,-66939126,46628432000,1562935307,-1629874433,0.903,8007252846672,50742800
801351,科创板,-9,-0.099,-3880354,210963599,18131532,-22011886,1.169,3311417093376,0,673,1.527,-621131385,46633893310,3275754635,-3896886020,1.079,3351383352118,-157640000
801358,大飞机,-35,-0.355,-488506,34697647,0,-488506,1.907,1023635330497,0,292,2.926,14193407,11338990455,312917995,-298724588,1.53,1060301335464,-2699830
801359,华为海思,-34,-0.35,0,8658966,0,0,1.534,217156336131,0,184,1.845,-3070885,2315925560,71732239,-74803124,1.052,220759428133,0
801363,黑龙江自贸区,-47,-0.472,0,23002825,0,0,2.593,60232993321,0,115,1.159,4659970,2380058322,8121467,-3461497,1.096,60820905418,0
801366,业绩增长,-26,-0.258,19659631,1527895295,102974124,-83314493,2.612,16759728064128,13367400,121,1.326,-799886530,189234581526,5730414809,-6530301339,1.049,16957181164610,-22856800
801369,病毒防治,-30,-0.294,-11423152,588013182,102483432,-113906584,3.622,4747756022496,-327907,54,0.666,-686192858,60935322385,3463006100,-4149198958,1.01,4789475946617,-37432500
801371,垃圾分类,-14,-0.149,0,6175151,0,0,1.399,146169965027,0,128,1.722,12492756,1584269661,117487845,-104995089,1.068,148054910373,4028300
801374,造船,-28,-0.289,-1044281,15868051,2448570,-3492851,1.295,378448481207,0,304,3.05,22159049,4458326470,693066405,-670907356,1.301,387075114413,25815900
801375,新材料概念,-19,-0.193,-6734078,180250120,4113274,-10847352,2.389,2396945815296,0,131,1.426,-167023109,22963782784,331966540,-498989649,1.109,2422838250190,-6352660
801376,健康中国,-39,-0.329,304527,242095097,1757755,-1453228,7.828,1617815109504,0,40,0.584,-21097170,18258237413,117927716,-139024886,1.089,1635052564081,6387850
801377,金刚石概念,-12,-0.123,0,2860278,0,0,1.015,61702493604,0,218,2.183,-13142347,980146350,69498839,-82641186,1.451,63183844612,-21574400
801378,电梯概念,0,-0.004,0,24248157,0,0,2.939,75474313507,0,289,3.316,-18663134,2044619578,27204896,-45868030,1.058,78624720567,-3349690
801379,碳纤维,1,0.017,0,22059138,0,0,1.416,298995888615,0,173,1.735,-23197217,2886962171,121250553,-144447770,1.126,301958501137,0
801380,生鲜电商,-29,-0.3,-794459,9764567,700188,-1494647,2.635,267143199660,0,144,1.44,-2741911,1162940144,21878029,-24619940,1.157,269817776503,0
801382,分拆上市预期,-29,-0.296,0,34216413,0,0,0.994,1759545419890,0,78,0.789,5375408,9001754628,53999486,-48624078,0.964,1778563885961,3472680
801386,轨道交通,-33,-0.259,135094,145561059,6881882,-6746788,1.683,2548856848704,0,162,1.875,-78548255,20246728469,538054012,-616602267,1.081,2585009777725,-16251400
801388,VPN,-38,-0.386,0,14709977,0,0,0.926,220758396190,0,61,0.616,-11877784,3459226083,9181582,-21059366,0.923,223177320836,0
801391,美容护理,-38,-0.383,-431951,25599362,1288135,-1720086,1.642,296886367170,0,48,0.489,-33316355,3517898255,123581263,-156897618,0.865,299306857379,0
801396,云游戏,-54,-0.547,-549873,13911238,1489610,-2039483,0.707,139251764573,0,149,1.49,17914901,4056305129,303677392,-285762491,0.82,141575863907,-9027770
801399,智慧城市,-52,-0.522,4481450,273958202,20110065,-15628615,2.126,2305997487840,-5632000,121,1.353,-92836080,39318844908,671894511,-764730591,1.003,2351253809111,-41733900
801407,上海,-16,-0.169,-555447,132921768,38957728,-39513175,3.399,1143672954240,9622800,126,1.269,-357654548,11750435815,936541022,-1294195570,1.172,1155251733781,21073300
801408,智能家居,-34,-0.344,1813387,78754262,4117642,-2304255,1.049,1507525100301,0,137,1.378,-14416933,14605491100,202654441,-217071374,0.842,1531786444272,-3253810
801411,柔性屏,-31,-0.317,-3155466,43027604,1552672,-4708138,1.801,702971869709,0,146,1.754,-66788757,8359848941,106777936,-173566693,1.009,712869925081,-3158560
801412,新零售,-31,-0.317,-3163618,130031983,2975630,-6139248,2.019,1091330311488,0,115,1.321,-23314806,14187069878,301184887,-324499693,1.006,1108405858771,-1481730
801414,教育,-47,-0.472,-7471444,195400258,3988542,-11459986,2.309,982298743948,0,118,1.246,-40890847,30325601952,407729638,-448620485,1.047,1000626402155,-8706620
801415,电子发票,-45,-0.458,0,3061890,0,0,1.093,69699538597,0,144,1.445,2225012,618537578,8669575,-6444563,0.861,70834798108,0
801417,天津自贸区,-59,-0.593,0,40761070,0,0,6.417,59124005120,0,212,2.128,-18268397,2323558447,43867090,-62135487,1.336,60261242408,0
801418,民营医院,-25,-0.258,2090914,87019542,5668976,-3578062,2.405,686104547712,0,9,0.523,-38450399,7465666080,204088907,-242539306,0.949,692554091751,-7118040
801419,通用航空,-32,-0.326,-488506,20209319,0,-488506,1.53,337800735440,0,280,2.809,-34677793,4076738181,139004139,-173681932,0.979,344779858717,-8357020
801420,蓝宝石,-43,-0.432,0,30050601,0,0,1.114,676481278542,0,64,0.645,-3579565,7110142368,54164344,-57743909,0.879,681188936008,-3138170
801422,小金属概念,-33,-0.339,0,109272109,0,0,1.667,2164549027596,0,89,0.9,5117019,17073967376,98461441,-93344422,0.992,2188145412031,6269990
801427,福建自贸区,-51,-0.51,0,6713014,0,0,1.597,113038646570,0,142,1.43,1639411,1377030915,40197263,-38557852,0.994,114862615771,0
801430,智能交通,-48,-0.483,0,52796489,0,0,1.306,827552353731,0,168,1.806,-15247667,10376143381,93658393,-108906060,0.987,843810337974,0
801433,光学镜头,-30,-0.301,-120776,19615278,499949,-620725,1.312,259942566160,0,119,1.193,4551041,3337728415,138564400,-134013359,0.891,261464947827,0
801437,传感器,-13,-0.139,444185,62727367,1718966,-1274781,0.831,731463760864,0,714,2.426,55586762,13095680276,547080300,-491493538,1.038,741196196255,24810300
801439,网红经济,-42,-0.421,353908,174472354,3847531,-3493623,1.47,1230113625664,0,102,1.051,-24941585,30477071166,1024273062,-1049214647,0.898,1249939883430,4758320
801443,转基因,-38,-0.381,637467,4094484,637467,0,0.549,128974556970,0,55,0.554,13426666,1277496361,83409052,-69982386,0.738,130151706387,6601430
801445,元器件,-43,-0.439,-332799,26212540,0,-332799,1.511,474719147223,0,161,1.801,60168035,5943165344,327623700,-267455665,0.883,486038116134,75161500
801450,年报预增,-29,-0.29,-12246,122686542,5996842,-6009088,1.616,1616387378176,0,77,0.863,-57482593,18395036870,158946848,-216429441,0.933,1632357787019,-1808780
801451,wifi6,-21,-0.219,0,12181448,0,0,1.05,88111133326,0,185,1.857,-4373519,2155177578,33645681,-38019200,0.969,89853714808,0
801452,再融资,-26,-0.263,-1400000,115401840,0,-1400000,1.309,2210436283222,0,117,1.301,-48537143,23533336551,151031048,-199568191,0.98,2234744652008,-3928730
801457,武汉,-34,-0.347,-855896,86456912,379144,-1235040,2.867,543928932858,0,147,1.478,-49182060,13587358362,155200199,-204382259,1.699,553426038377,-3145310
801461,C2M,-27,-0.277,-781156,13400029,0,-781156,1.604,257693663534,0,141,1.418,-13151650,2613168636,51763473,-64915123,1.054,262558134421,0
801462,RCS,-41,-0.411,-490313,47164549,449614,-939927,1.069,488174755380,0,172,1.727,95694168,7753953920,363747428,-268053260,0.825,495470475942,3097280
801464,农业,-30,-0.305,-3625779,144315446,13415878,-17041657,1.534,2186324469632,-3004200,86,0.94,-237142472,20839777063,1224790289,-1461932761,0.856,2207298787520,-38917900
801467,REITs,-32,-0.323,0,27470031,0,0,2.029,765251269286,0,63,0.639,-3421581,4378588577,62062424,-65484005,1.027,771914597443,0
801468,电子烟,-12,-0.12,-8961548,37810104,2642838,-11604386,2.941,392374993696,0,163,1.835,-208942745,6005965090,433526186,-642468931,1.413,396121411993,-98519600
801471,免税,-35,-0.352,3450245,32998823,9087018,-5636773,1.722,743775214064,0,71,0.715,36097625,5935999665,905652068,-869554443,0.876,757222886125,-5107830
801479,NMN,-31,-0.317,0,15439364,0,0,1.308,122610815744,0,0,0.53,-28168036,2145555940,67998271,-96166307,0.896,122978228992,-7955660
801493,光储充一体化,-3,0.379,-978995,14730544,327030,-1306025,2.209,130921207624,0,161,1.96,-10338735,1528312800,148326273,-158665008,1.113,132924105703,-3130000
801511,高端制造,-14,-0.149,9990748,204708862,29884460,-19893712,1.883,1805091345152,865538,251,2.919,376039203,39286675218,2436820163,-2060780960,1.415,1845811694436,179849000
801519,汽车类,-18,-0.182,-12344197,660638986,55230770,-67574967,1.751,9183139910336,964801,197,2.096,-260205650,113023658861,5382304148,-5642509798,1.098,9318563802688,-148816000
801522,专精特新,-16,-0.136,4455332,304029414,34669017,-30213685,1.713,2231070961024,-8658000,712,2.016,347235777,43607050712,1747971225,-1400735448,1.191,2265000809624,1450830
801529,激光,-37,-0.373,866230,19492633,866230,0,1.094,238299194832,0,176,1.761,-15086533,4461811961,51396938,-66483471,1.18,243176325833,0
801530,中字头,-38,-0.384,157109,166931658,1033541,-876432,1.234,7936390536848,0,96,0.967,35936962,27367176644,273605202,-237668240,0.871,7972573495516,5491750
801541,生物质能,-10,-0.109,0,18106311,0,0,1.713,397722639566,0,135,1.548,4550142,2993337024,33762857,-29212715,1.008,403082556227,0
801543,水电,-22,-0.222,-3265926,9468958,0,-3265926,1.017,1034262074696,0,22,0.222,-10028233,2291521560,426639845,-436668078,1.071,1039581983565,18385400
801546,钒电池,-20,-0.203,-318041,10884850,0,-318041,0.937,454384732829,0,74,0.748,9429061,2739738073,123411040,-113981979,0.977,458273832967,4236070
801547,碳基材料,-1,-0.011,1253748,6123774,2842616,-1588868,1.9,125045451610,0,199,1.998,-10826712,1398248938,22386644,-33213356,1.163,128060889048,0
801550,国资云,-56,-0.57,4058325,127291265,25481125,-21422800,1.596,765482422603,4312880,117,1.375,509342711,18299567654,1938900239,-1429557528,0.913,778323472610,254456000
801553,元宇宙,-37,-0.375,888091,297255080,9527892,-8639801,1.171,3087578406684,0,127,1.401,-76713480,54900790352,991727868,-1068441348,0.923,3128271890956,-6121820
801564,绿色电力,-17,-0.173,-2023301,56099013,4432855,-6456156,1.254,2374852866420,-5519820,65,0.66,-91392130,10780124993,733451596,-824843726,0.985,2385719613957,18580300
801565,海工装备,-27,-0.275,0,21647110,0,0,1.125,663612389528,0,204,2.044,-10443640,6065372851,41532667,-51976307,1.135,675483650141,0
801567,NFT概念,-72,-0.72,0,57579885,0,0,2.145,194252230011,0,45,0.456,-8076456,7170857607,43063284,-51139740,1.104,195301301271,0
801572,中报增长,-27,-0.265,20101891,1622067910,103416384,-83314493,2.62,17287201879744,13367400,625,1.358,-733181267,199507968562,5948258617,-6681439884,1.043,17496426030016,-17255300
801575,智慧矿山,-8,-0.09,301715,3631486,301715,0,0.966,88192193966,0,140,1.407,-14876847,1302922516,99079046,-113955893,1.216,89395060426,0
801576,石墨化,-8,-0.08,-87960,23349840,351840,-439800,1.279,837657250989,0,86,0.869,3623182,5232727339,54157770,-50534588,1.005,843369907821,3512140
801578,铀矿,-52,-0.521,0,2439327,0,0,0.944,93958257061,0,54,0.545,0,587856309,0,0,0.98,94074061998,0
801579,垃圾发电,-10,-0.1,689058,8988996,1621638,-932580,1.694,309089675549,0,105,1.336,89419485,1984286149,348004468,-258584983,1.264,311896592846,58505800
801580,发电机,0,-0.004,0,2037826,0,0,0.554,123957169370,0,267,2.678,-34194555,926719393,59784096,-93978651,1.19,126769547514,-3851310
801584,数字经济 ,-45,-0.442,25157757,1339142936,166625705,-141467948,1.818,9232537859968,49976700,1437,1.495,-206810186,186297051713,10809301179,-11016111365,0.998,9375947024158,311782000
801587,光热发电,-15,-0.157,0,14946944,0,0,2.334,272710167434,0,153,1.538,-23134573,2480108847,64529415,-87663988,1.162,274932304383,-3413300
801606,成渝经济圈,13,0.134,0,22352751,0,0,6.99,42829807897,0,118,2.06,-31334848,747592521,41889111,-73223959,1.047,43484609764,995031
801612,脑机接口,-36,-0.37,-290337,23713154,711058,-1001395,0.89,212447825034,0,83,0.84,-14223956,4998729379,180235388,-194459344,0.889,216273222007,494924
801613,幽门螺杆菌,-39,-0.39,2932620,25468024,5979270,-3046650,4.418,107507295180,0,-10,-0.107,34323814,2300839800,227976462,-193652648,1.468,107727023985,47039800
801614,电子纸,-23,-0.232,0,4396360,0,0,0.675,99951780714,0,171,3.381,-9159602,1493519047,18640215,-27799817,0.986,101016734189,0
801623,中俄贸易,-9,-0.095,71910,29768888,482925,-411015,1.562,334839267328,0,176,1.94,12338522,4434811325,115972942,-103634420,1.04,339913983178,0
801625,在线办公,-41,-0.416,0,47488324,0,0,1.059,461445437299,0,110,1.106,-8442751,10064789122,18063239,-26505990,0.907,467225688071,0
801628,资产管理,-52,-0.527,2441557,113411924,28286275,-25844718,6.308,214837650328,9622800,573,0.922,-169350056,4898766696,307319460,-476669516,1.173,216500494819,-24679900
801631,次新股,-116,-0.566,12696715,789056318,93306421,-80609706,3.208,477926060608,5343210,2603,1.48,-253773870,64493422986,3095767810,-3349541680,1.086,487423770548,24829900
801632,县城城镇化,-41,-0.415,1859635,43321487,6875595,-5015960,1.553,269358811780,0,76,0.898,-9671315,5116508327,209529541,-219200856,0.845,271953484226,4110800
801635,平台经济,-42,-0.405,5722518,491842244,28393270,-22670752,3.472,3823997213376,0,105,1.118,-93148165,57685027414,1019981952,-1113130117,0.984,3887698442525,-628358
801636,露营经济,-30,-0.303,0,30787381,0,0,2.593,79452099853,0,105,1.054,2654841,2308008895,32030182,-29375341,1.021,80439165746,0
801637,潮玩,-46,-0.468,841498,6895312,1195862,-354364,1.548,49136879068,0,121,1.215,8725287,1307478797,161628102,-152902815,0.956,49903033826,3493220
801640,就业概念,-28,-0.288,-461750,6338077,0,-461750,1.208,80893148890,0,194,1.94,-3993154,2920717670,18781687,-22774841,1.348,82967873771,0
801642,石英材料,-22,-0.22,-111456,4920188,798768,-910224,0.771,186745625262,0,82,0.82,19247014,1097765593,78444798,-59197784,0.958,187135024295,4582460
801646,信托概念,-16,0.042,590040,45218145,590040,0,3.36,607054835009,0,23,0.427,731879,3863631993,79152807,-78420928,0.954,608310748559,-6125910
801648,数字藏品,-37,-0.379,0,41241485,0,0,0.958,311951353238,0,126,1.26,2913189,7800428744,5971830,-3058641,0.91,317114263796,0
801649,两轮车,-11,-0.116,329468,6048709,329468,0,1.38,110102224402,0,235,2.353,-31276558,1332075958,73151834,-104428392,1.428,112452174481,-4218180
801650,SHEIN概念,-58,-0.581,0,7301462,0,0,1.959,25796696838,0,98,0.981,4799105,656701292,12092056,-7292951,0.679,26138783373,0
801651,湖南,-30,-0.302,-2985893,90463584,8130221,-11116114,1.687,1207337496934,0,93,0.931,-106693007,14986649502,400874104,-507567111,0.991,1220304984932,-16660500
801653,霍乱概念,-1,-0.014,111671,4064772,598388,-486717,1.235,50508235486,0,46,0.467,2798846,540038730,40875270,-38076424,0.867,50713878099,6552360
801654,眼科医疗,-29,-0.294,378950,31368460,378950,0,1.364,714830853691,0,34,0.341,-27517425,6452645374,44513570,-72030995,0.883,718764561406,0
801655,隐形冠军概念,-9,-0.095,0,33646046,0,0,0.755,998047695356,0,165,1.654,-3299739,11162346425,86650938,-89950677,1.114,1010032084484,0
801656,热泵,-2,-0.028,355783,6611042,355783,0,1.241,122374662265,0,220,2.209,-2971341,1491911553,22324281,-25295622,0.975,124792496790,0
801660,通信,-32,-0.328,13448362,393817125,91578657,-78130295,1.361,3833033211104,34527200,670,1.77,302179495,61770499506,6507541984,-6205362489,0.933,3901194800106,92144000
801662,火电灵活改造,-19,-0.199,0,3687805,0,0,0.853,185081184989,0,144,1.448,-2176529,978303153,36639378,-38815907,0.929,187146849276,0
801664,中芯国际概念,-21,-0.219,0,42151648,0,0,0.84,1078094200613,0,145,1.458,-5547703,9915365037,72873546,-78421249,0.946,1089463204203,0
801672,web3.0,-61,-0.617,4288543,215678756,16789729,-12501186,2.367,580942992000,7430360,114,1.149,-104139279,27293290453,335950129,-440089408,1.103,593775385870,-16546400
801676,地产链,-36,-0.35,-9773731,590515954,44519860,-54293591,3.23,4499124928064,-3284040,587,0.912,-474795037,56432649725,3160855243,-3635650280,0.989,4549999206933,-25706000
801689,客运,8,0.087,0,2054899,0,0,0.834,303078411190,0,114,1.144,-15508587,703850805,118646656,-134155243,1.193,305901261340,3569570
801694,非金属材料,15,0.153,729994,4766703,1640218,-910224,1.323,80980217973,0,15,0.16,21003635,716248704,87948764,-66945129,0.913,80571513702,4582460
801700,高压快充,587,0.874,0,29136979,0,0,1.833,256842928640,0,1268,2.876,-8968804,4853441866,98698537,-107667341,1.289,261148963584,0
801705,超导概念,-125,-1.253,-3978371,43665363,1985988,-5964359,2.117,203948256021,0,1,0.017,-74326992,4517072334,254030122,-328357114,0.868,207258101902,932302
801719,腾讯概念,-41,-0.419,-3071626,144050912,2655135,-5726761,1.253,1406352693615,0,90,0.902,-48677548,25286567220,310074881,-358752429,0.922,1418916101897,-5769490
801733,中特估,-38,-0.38,6667381,320158890,41093448,-34426067,1.36,14733678550693,9370060,43,0.43,-221576751,45850464358,1833062512,-2054639263,0.885,14781345294665,-33888000
801735,中船系,-36,-0.37,0,13147873,0,0,1.24,338009531924,0,300,3.004,4116570,3630530811,26110499,-21993929,1.292,345441227120,0
801773,热力,-3,-0.033,0,5172175,0,0,1.019,101006717748,0,117,1.174,-1980942,1257335735,53984167,-55965109,0.96,102123571893,0
801787,实控人变更,-51,-0.516,0,10131970,0,0,1.497,36852531364,0,164,1.649,-7253566,1453117484,18223184,-25476750,0.958,37740201525,-3253810
801788,仪器仪表,-3,-0.035,461702,6929147,461702,0,1.012,142741234432,0,232,2.498,-1536378,2500230333,84260640,-85797018,0.956,146653993760,0
