股票代码,板块名称,当前强度_0930,当前涨幅_0930,净额_0930,成交额_0930,主力买_0930,主力卖_0930,量比_0930,流通市值_0930,300w大单净额_0930,当前强度_1500,当前涨幅_1500,净额_1500,成交额_1500,主力买_1500,主力卖_1500,量比_1500,流通市值_1500,300w大单净额_1500
801001,芯片,-10,-0.105,22878210,703731979,92391886,-69513676,1.651,7457314088503,3750660,-136,0.139,-534118595,88896074056,6999776599,-7533895194,0.752,7460329210221,-58180700
801004,锂电池,-317,-0.174,27103192,436217636,92956979,-65853787,1.226,6468963209927,23632400,-283,0.168,-545545310,54641705708,3661812672,-4207357982,0.766,6472149261611,-44700700
801008,高送转,-12,-0.127,0,37060473,0,0,1.052,986585668925,0,55,0.558,4046522,6752822763,7953345,-3906823,0.796,994152699704,0
801009,充电桩,-5,0.014,-3314837,113455826,1583600,-4898437,2.638,1289198654124,0,40,0.467,-58231470,13875730163,578758234,-636989704,0.758,1294643565028,-27611800
801012,钢铁,-8,-0.086,-913485,16974282,2228407,-3141892,0.857,786265912015,0,11,0.31,-19333087,4143191611,630579724,-649912811,0.719,788984652067,6640240
801016,稀土永磁,-17,-0.177,-2283459,47473260,1986829,-4270288,0.961,838611176294,0,-23,-0.239,-164550723,8607269335,831993303,-996544026,0.699,836694740970,-24121800
801019,物流,0,0.0,-5145137,68357347,3914979,-9060116,1.393,1371453966578,-3585000,67,0.811,-12820976,11355384874,759464259,-772285235,0.859,1380467157440,-7059080
801022,换电站,-3,-0.035,0,28765588,0,0,1.465,526824754794,0,42,0.426,-4216525,4471629248,87852541,-92069066,0.768,526277051907,-298897
801027,银行,-24,-0.244,-10585760,63042851,21486627,-32072387,0.863,6872797131147,3390000,-9,-0.097,-849328891,9548387988,3053027218,-3902356109,0.615,6873441597972,-275424000
801031,文化传媒,-9,-0.098,4332096,229148722,47987143,-43655047,1.901,1201117977984,11639700,506,0.098,-457663033,26550012927,2500893504,-2958556537,0.777,1200403142709,-69868500
801032,深圳国资改革,-26,-0.264,0,6977281,0,0,0.762,103717593205,0,90,0.9,488413,1844528516,2681315,-2192902,1.396,104627994252,0
801033,国企改革,-11,-0.09,16816112,530620402,35329518,-18513406,1.508,7478572768256,12820400,27,0.338,-176898650,71647788251,1373792384,-1550691034,0.753,7503326447030,-1033350
801035,酿酒,-12,-0.128,-4720081,133070767,52951401,-57671482,1.155,4881187357377,17126200,-14,-0.149,-728745590,17754510965,3848206783,-4576952373,0.7,4873287095554,-4144330
801039,机场航空,7,0.07,8972070,22952746,12072776,-3100706,1.958,648974728691,0,204,2.044,283170481,6288323504,1945533985,-1662363504,1.912,668628175732,15088400
801040,造纸,0,0.007,-810000,7278590,0,-810000,1.187,170159057600,0,90,1.296,-7659002,1767661641,138782864,-146441866,0.745,171787766542,-10356600
801044,土地流转,-13,-0.138,-1049816,158371830,1196921,-2246737,8.814,359479464789,0,-33,0.264,-68322473,5399881828,87877034,-156199507,0.921,360866975091,4732880
801045,医药,789,-0.095,4529412,893675195,129824074,-125294662,3.018,5953292815936,22439000,1293,-0.061,-1216040868,70285361925,6685626670,-7901667538,0.873,5956112957440,9500940
801046,医疗器械,-11,-0.113,15057175,211352849,51752709,-36695534,2.789,1690924537092,4675380,0,0.005,-158573503,19666130107,2054973597,-2213547100,0.927,1690322652279,15646300
801047,钠电池,3,0.035,0,76862168,0,0,0.978,2150104015097,0,43,0.431,-21917390,14355877001,160235256,-182152646,0.8,2150443807615,-12842900
801048,黄金,-10,-0.107,-1170665,35953424,6574716,-7745381,1.117,857032815438,0,-11,-0.117,-183913059,5527057023,548232292,-732145351,0.665,856180201884,-8256820
801049,租售同权,20,0.203,0,16646646,0,0,0.792,473831094580,0,9,0.1,-13229462,3109501886,8130851,-21360313,0.499,476095238631,0
801050,彩票概念,-26,-0.267,0,61606952,0,0,1.497,140859303057,0,-26,-0.265,-2629269,5133959447,11103163,-13732432,0.671,140408181851,0
801052,环保,-12,-0.089,28155070,264759015,70035367,-41880297,3.278,1745668589376,7350620,-91,0.363,-222744305,21005873567,1783746484,-2006490789,0.855,1750689182115,-40280500
801053,零售,-13,-0.112,-5212300,189641050,5121279,-10333579,1.221,2833900483881,0,-51,0.171,-196945764,34639716458,1086185467,-1283131231,0.726,2839013628734,24288800
801057,石油石化,43,0.434,3223043,54774233,7686781,-4463738,2.308,2737961017449,0,716,2.164,270512702,10604579675,2053771279,-1783258577,1.591,2764304980933,40272500
801062,军工,-3,-0.039,-13134294,276770660,30231652,-43365946,1.175,4490752037520,0,11,0.112,-605148082,43553160537,3622010528,-4227158610,0.73,4495742960576,-147706000
801067,面板,-1,-0.012,-2208013,103309542,5200834,-7408847,1.001,2038196585535,0,19,0.316,-288278138,21193452058,1578164973,-1866443111,0.782,2042315280929,-41435700
801070,光伏,-4,-0.02,2506724,324530752,40169641,-37662917,1.167,6876589406892,-3441200,-112,0.399,90177984,58685906189,6096284116,-6006106132,0.756,6912918804764,69744000
801071,保险,-24,-0.246,-3349566,14915138,2441953,-5791519,0.555,1852119798011,0,98,0.986,-154407862,3539944690,995903606,-1150311468,0.497,1863907013144,-144903000
801074,核电,5,0.051,3265,26792306,810659,-807394,0.911,850925514289,0,14,0.145,34954594,6010903735,379143213,-344188619,0.731,851053917148,10046500
801075,自主可控,-48,-0.483,-894984,104604817,4766433,-5661417,3.364,370940047104,0,-103,-0.12,-337207945,8531214065,477104513,-814312458,0.965,370928547650,-39925000
801076,乡村振兴,-5,0.042,3577452,142590683,4571076,-993624,4.429,867746718361,0,29,0.391,-68184462,12260582605,274943370,-343127832,0.939,871902126807,-13608600
801080,煤炭,1,0.012,-1047171,21217455,805997,-1853168,0.933,1424529989537,0,162,1.628,290913496,8904218834,1911803610,-1620890114,1.309,1451711761170,37506400
801081,证券,14,0.145,53412551,401673833,237280348,-183867797,0.974,2754957435045,52017600,3755,2.553,1569826269,74280860690,31024059234,-29454232965,0.783,2802897208188,3041400000
801082,ST摘帽,-70,-0.079,-3959745,258588670,21344200,-25303945,2.181,1690940747840,0,-33,0.485,-406724751,26257164090,1338733425,-1745458176,0.812,1699245785801,-50124300
801085,人工智能,-31,-0.301,-8438251,1316738408,114798886,-123237137,1.673,8199323137600,31005200,1233,-0.023,-1891683208,150396906028,9921362624,-11813045832,0.765,8199919425899,-609336000
801086,玻璃,-15,-0.154,-107391,4290660,307989,-415380,0.553,325343406072,0,13,0.139,-11519518,1450043612,156806637,-168326155,0.639,326731787192,-4130200
801087,风电,0,0.001,1954336,111263152,8204345,-6250009,0.949,2315047464577,0,25,0.256,-92377853,17220086222,989397530,-1081775383,0.694,2319899615097,-25953400
801088,有色金属,-8,-0.083,-3908678,90043648,4393031,-8301709,0.941,2616306561764,0,-19,-0.194,-381044026,17302337793,1404797077,-1785841103,0.64,2613670703923,-143533000
801092,蓄电池,12,0.13,0,2799201,0,0,0.519,104767630916,0,60,0.604,0,799523020,0,0,0.614,104943328662,0
801093,天然气,60,0.601,7827204,114812902,31156859,-23329655,2.825,2618459859588,-4610580,3596,2.969,604475177,16305194980,3044072136,-2439596959,1.556,2649968974005,120080000
801095,游戏,-9,-0.095,1404505,83122451,20717913,-19313408,1.162,688663392293,0,7,0.269,126748033,16313460216,2693221486,-2566473453,0.759,691793453615,27548500
801096,钽电容,-20,-0.206,-1029846,3809246,0,-1029846,1.282,75317983284,0,-3,-0.038,-4533370,659870511,39342567,-43875937,0.58,75585701674,0
801097,流感,-11,-0.117,0,72164790,0,0,5.104,399400406732,0,-2,-0.021,7637405,4470246358,68894939,-61257534,1.028,399385377476,-2596560
801099,覆铜板,-5,-0.059,144846,12978417,606244,-461398,0.904,264259080897,0,-28,-0.287,-32027705,3025024557,188260782,-220288487,0.828,263781317104,-4368620
801100,多胎概念,-19,-0.15,-1448844,89231938,2205716,-3654560,2.018,614360144631,-3012000,6,0.149,-97108012,9698425764,321706690,-418814702,0.806,614050110163,-5759570
801102,涤纶,-1,-0.012,-228422,22681704,401316,-629738,2.004,421148771340,0,110,1.107,-48520851,2241254909,183403527,-231924378,0.75,426488973586,2812450
801104,开板次新,0,0.0,0,0,0,0,1.0,0,0,0,0.0,0,0,0,0,1.0,0,0
801112,互联网金融,-47,-0.477,43951294,551703790,179570391,-135619097,2.854,1144351400960,45362600,2577,1.611,-403415021,53338197808,11306463594,-11709878615,1.006,1168428711296,436008000
801114,外贸,0,0.112,2356596,174433763,8462055,-6105459,1.642,810809301265,0,63,0.755,96521984,14924908849,835447577,-738925593,0.811,812713408372,15860800
801115,海南,-24,0.016,-373500,72043587,0,-373500,2.026,414864451498,0,6,0.451,20148388,5730229529,241276700,-221128312,0.743,416669623144,-11476600
801117,港口,1,0.018,-342760,6497346,0,-342760,0.944,408219492262,0,130,1.309,-15915770,1384110883,233235615,-249151385,1.074,413086077039,0
801120,电力,3,0.034,-40647,30790708,2173663,-2214310,0.656,2031704763231,0,50,0.51,-59680133,6996707773,1037297066,-1096977199,0.681,2035735278110,26730000
801122,壳资源,0,-0.002,-653966,51041130,1365383,-2019349,1.419,360113201578,0,-120,0.394,-62293075,7791620371,273464540,-335757615,0.816,361028214237,-3922080
801123,服装家纺,10,0.109,-989035,41875343,7824456,-8813491,2.022,469104050424,0,61,0.655,-31741246,4657893963,464486411,-496227657,0.843,470287614904,-152369
801126,期货概念,15,0.155,-579494,62836639,11469711,-12049205,0.744,748382210496,0,109,1.094,287795681,12431431200,2789844894,-2502049213,0.642,755783294368,350277000
801127,海航系,-35,-0.358,-494279,4215264,0,-494279,2.443,25767354941,0,-124,0.818,-45390075,541224956,81508919,-126898994,1.265,25614586297,0
801128,国产软件,-43,-0.436,-9735473,401097965,21768776,-31504249,2.114,1824320970176,0,4,0.225,-592026993,41193784511,2489899118,-3081926111,0.853,1828893294022,24400800
801132,粤港澳,-11,-0.119,234443,53426156,589187,-354744,1.471,543100680647,0,67,0.839,-3157606,7875139937,213807457,-216965063,0.719,546190403624,-6400000
801136,安防,-27,-0.272,-8505546,65424644,7016885,-15522431,1.761,474133093265,0,17,0.179,-90954157,5166855880,418980716,-509934873,0.763,477191461279,2067160
801137,醋酸,-6,-0.062,0,183155,0,0,0.178,103409457627,0,52,0.53,9444264,321029223,61952745,-52508481,0.659,104259965121,5939530
801138,超级电容,-4,-0.042,0,7072086,0,0,0.676,310076995138,0,18,0.184,-4081575,1965967301,6673028,-10754603,0.596,310748706725,0
801139,培育钻石,7,0.074,0,2024970,0,0,0.758,106605558499,0,48,0.487,-1395409,596848746,15860473,-17255882,0.613,106827746773,0
801142,蚂蚁金服概念,-9,0.066,6742585,106979686,16169254,-9426669,2.248,2832241717494,0,6,0.218,-206721444,13440408693,1014764957,-1221486401,0.629,2833614311225,-12988100
801144,医美,-21,-0.217,-1047444,129674672,7357233,-8404677,3.672,753196977635,0,-15,-0.154,-70365674,9721479266,430309880,-500675554,0.863,752921042011,-18538600
801146,阿里巴巴概念,-30,-0.307,1036517,109488248,1036517,0,1.031,877433567697,0,14,0.299,-18091197,18722266263,179542311,-197633508,0.806,879211028191,-16620000
801148,碳中和,3,0.076,15399042,190013281,23734396,-8335354,1.613,3601861819628,10833200,45,0.493,-29161711,23552542105,817370260,-846531971,0.759,3615923376783,80613700
801149,社区团购,-15,-0.151,3564992,19648363,5028312,-1463320,1.323,197275241747,0,-33,-0.336,-14739122,2715925960,142267352,-157006474,0.679,196963608678,-4967660
801153,创投,-7,-0.013,4656390,193078387,14439802,-9783412,2.476,1161996741935,4686000,14,0.269,-47136877,17608004122,651233018,-698369895,0.728,1163199096393,-16534800
801157,智慧停车,-17,-0.177,0,8020263,0,0,1.021,88962085416,0,10,0.101,-23487690,1055082116,37285886,-60773576,0.704,89084410637,-10220000
801159,机器人概念,-633,-0.333,8168086,294438583,30701353,-22533267,1.15,2828969685386,-3554640,-624,-0.183,-227304418,38486455169,1414836636,-1642141054,0.699,2823228411468,-24421000
801162,超跌,-7,-0.029,-395582,297457945,7984050,-8379632,1.903,2288968187648,0,14,0.268,-135317730,33511471818,852253912,-987571642,0.726,2292752113474,2931940
801164,自行车,-13,-0.135,0,2792279,0,0,0.879,44859208914,0,90,0.907,-1252466,865356735,672363,-1924829,0.968,45499808227,0
801165,氢能源,494,-0.053,3083688,311383836,24235017,-21151329,1.975,5965340014012,0,393,0.439,-191311750,39050356895,2220953391,-2412265141,0.855,5990873752755,-17621900
801166,上海国资改革,1,0.018,-3084204,25175994,4677769,-7761973,1.758,531023034977,-3180000,43,0.439,-34106945,2505005832,87187072,-121294017,0.706,532748508444,-13621100
801168,工业气体,-31,-0.313,-409627,2281250,0,-409627,0.618,77506888495,0,-314,-1.642,947024,512665333,50711018,-49763994,0.603,76767254761,0
801169,VR/AR/MR,-11,-0.116,-6625974,158293386,9166048,-15792022,1.263,1677766610229,0,6,0.087,-180901301,22618461472,776512732,-957414033,0.707,1679143274488,-4561380
801170,金融科技,-58,-0.584,1016692,318116438,5322393,-4305701,4.065,564419857920,0,77,1.284,-54286765,24730401023,571518922,-625805687,1.128,571613232621,6083810
801175,聚丙烯,-1,-0.018,0,5183710,0,0,0.718,1260269631822,0,76,0.765,-2017572,2167111840,11289064,-13306636,0.891,1271884075457,0
801178,储能,-4,-0.041,7441798,257907544,32328836,-24887038,1.043,5701605123000,-276406,38,0.41,202507504,44193296624,3724997699,-3522490195,0.738,5714265892356,103277000
801182,雄安新区,-20,-0.109,-2386315,151673401,18938994,-21325309,2.893,816116031104,0,-160,0.092,-124774046,11037796642,398095693,-522869739,0.75,818615953647,-10009100
801184,包装印刷,-5,-0.053,1584158,56065700,4342129,-2757971,1.757,352790266929,0,77,0.777,11918368,5397042561,223344683,-211426315,0.805,355387387829,4286080
801190,卫星导航,-11,-0.112,-1637400,54627002,1880636,-3518036,1.151,812105094353,0,-18,-0.184,-87291715,8490450851,562127682,-649419397,0.782,813178610462,-37882100
801193,知识产权,-7,-0.07,-1640342,73522693,2143267,-3783609,1.616,324726921686,0,-17,-0.051,-144404625,8906649349,253222556,-397627181,0.754,323585846448,-44130800
801196,LED,-14,-0.142,793231,19273849,3963945,-3170714,1.048,242812983095,0,30,0.306,59042481,2917481883,319483713,-260441232,0.856,244130687844,13513600
801198,送转填权,-11,-0.09,4231517,264186161,11128388,-6896871,1.415,1762701895232,0,27,0.367,-183458322,32220337039,880576670,-1064034992,0.82,1770168866807,8586880
801199,汽车零部件,-385,-0.239,29329015,651832983,116634890,-87305875,1.483,7721659323164,23632400,-339,-0.362,-1629891278,78702075273,4215085132,-5844976410,0.725,7706631828729,-303169000
801200,互联网医疗,-29,-0.02,-1135582,75168825,0,-1135582,2.473,391999025603,0,-45,-0.176,-65091151,5437813377,200425816,-265516967,0.776,390939564459,-9685540
801202,世界杯概念,-5,-0.056,0,37477138,0,0,0.928,305185835181,0,2,0.025,4516250,4553042303,54473752,-49957502,0.673,303595244256,0
801209,振兴东北,-8,-0.089,0,8243852,0,0,0.928,237511265960,0,23,0.237,-6767610,1443576003,14189728,-20957338,0.719,238907729173,0
801210,操作系统,-33,-0.336,2168786,176943447,9697084,-7528298,3.926,738506147584,0,-53,0.256,-367549485,14996504363,882649888,-1250199373,1.043,739648109996,-38592400
801211,新疆,30,0.306,0,13636959,0,0,0.831,300175185356,0,101,1.014,5107770,3122364115,27446409,-22338639,0.876,302666887144,0
801215,徐翔概念股,0,0.006,0,1929046,0,0,0.578,21968239826,0,-170,-1.7,-1035219,655246260,4548757,-5583976,0.761,21499122848,0
801216,印制电路板,-22,-0.225,-1456150,34750814,4453424,-5909574,0.901,464499760692,0,-122,-0.222,-255272477,7085812173,649236379,-904508856,0.795,462678564280,-42624600
801218,华为概念 ,-144,-0.245,-19996765,740693223,38242387,-58239152,1.408,6125953558462,9277070,-129,-0.032,-849649216,85037480256,2416324725,-3265973941,0.775,6125911595553,-137181000
801220,食品饮料,-11,-0.084,3172752,174701182,18065803,-14893051,2.309,2118986515264,0,976,0.459,-297976125,23994054490,1906578944,-2204555069,0.808,2121050488015,103939000
801224,3D打印,-8,-0.085,-48680,47300470,316419,-365099,1.566,163590855637,0,19,0.195,-12675728,3909688064,100996099,-113671827,0.73,163745107966,3550030
801227,烟草,-17,-0.171,0,18121281,0,0,1.29,196370619973,0,72,1.499,-3250714,3072777380,25761024,-29011738,1.195,197767642374,3068210
801232,环球影城,-46,0.281,0,21982233,0,0,2.2,42223723536,0,-56,0.193,0,1355128283,0,0,0.539,42080446277,0
801234,航运,10,0.107,664892,15620966,664892,0,0.815,624096497584,0,759,2.599,211456151,5751153950,775435557,-563979406,1.711,635819269237,43914000
801235,化工,4,0.045,1029127,342253792,22058807,-21029680,2.113,8206304426659,0,69,0.708,-246808380,48015644309,3244711836,-3491520216,1.009,8258792727100,-148125000
801241,核污染防治,-10,-0.106,0,6903085,0,0,1.671,191078372402,0,34,0.346,-12034009,1262201564,13601849,-25635858,0.982,190908405391,0
801243,宠物经济,-2,-0.029,0,809015,0,0,0.615,38202551304,0,69,0.693,-331934,225036007,21013760,-21345694,0.638,38368330038,4574360
801246,水务,-31,-0.317,335104,29495160,335104,0,4.533,117041011348,0,36,0.365,-20221555,1574751003,48037265,-68258820,1.154,117654437627,-19462500
801248,智能驾驶,-32,-0.327,-199867,370827340,5230207,-5430074,1.317,3762008860151,0,-38,-0.388,-328600141,46892369986,862313426,-1190913567,0.716,3759134851196,-32823700
801250,并购重组,-10,-0.096,-3839127,996057221,8296388,-12135515,1.315,16896579018816,0,11,0.179,-316306448,162362494767,1809893992,-2126200440,0.758,16914690743384,-29179300
801251,送转预期,-11,-0.118,-529252,17516313,677039,-1206291,1.366,143524046484,0,33,0.333,-5668889,2443289243,92388365,-98057254,0.803,143761368828,0
801253,数字能源,-28,-0.288,-995420,38086099,0,-995420,0.94,1222487580861,0,-11,-0.114,-3680128,5606573946,27506391,-31186519,0.693,1217879498387,0
801254,防脱发,-18,-0.184,0,18783032,0,0,3.849,174583620259,0,4,0.042,592621,1682851151,3608696,-3016075,0.819,174781890122,0
801270,基础建设,-17,-0.148,-5545329,379882992,20605364,-26150693,2.579,3678221075200,0,-220,-0.077,-691139423,31948924361,2774378233,-3465517656,0.741,3680288681444,-125326000
801273,股权转让,492,-0.048,-7964737,980831980,13640701,-21605438,2.136,7383633701312,0,521,0.341,-373817888,107893886529,2118421635,-2492239523,0.835,7408218517072,-20715400
801279,砷化镓,-3,-0.033,0,3928725,0,0,0.889,115286379036,0,61,0.614,13022422,758248163,23170566,-10148144,0.764,116410719215,0
801284,举牌,0,0.0,0,29134348,0,0,0.773,750828511818,0,35,0.357,372872,5793216329,74658634,-74285762,0.708,753832326425,0
801287,养老概念,-16,-0.162,0,39437021,0,0,2.616,197712120941,0,-4,-0.045,8321716,3863233085,93078395,-84756679,0.754,197210572136,4732880
801301,体育产业,-6,-0.061,210522,164661868,801155,-590633,1.727,1829577903168,0,39,0.476,-50353609,17881240398,222930624,-273284233,0.761,1838472339061,-330166
801306,深圳,-21,-0.219,-1367611,366563404,12896826,-14264437,1.225,6375824898568,0,1,0.018,272386833,55567660602,3518427769,-3246040936,0.765,6382897146533,319761000
801310,浙江,-13,-0.131,-423533,127546587,1737327,-2160860,1.256,1845652012092,0,6,0.068,-92813562,19237822016,276022516,-368836078,0.767,1853438185249,3094910
801313,参股金融,-16,-0.111,-2576120,298489715,11947974,-14524094,1.604,4263504894788,-3180000,914,0.799,155872725,40161314303,2015731313,-1859858588,0.708,4290073459705,109893000
801314,ST板块,1007,0.076,55267,204834853,16720623,-16665356,12.658,374788664949,0,2655,1.554,-45323091,4886267269,447404757,-492727848,1.199,378661986336,48942
801315,高校,-26,-0.263,-706722,76915855,871672,-1578394,1.161,482438599451,0,1,0.011,-55562387,7680573031,333092182,-388654569,0.74,483485562292,-14701100
801319,福建,-15,-0.157,0,122044650,0,0,1.858,1691095022238,0,23,0.474,1708491,13464051881,68266842,-66558351,0.876,1678083869718,-14058100
801321,广电网,-9,-0.094,0,15810002,0,0,0.938,227639539780,0,-17,-0.171,-3527788,2817472988,258198220,-261726008,0.791,227917316076,21614000
801328,消费电子,-9,-0.099,-1882637,273133002,14259846,-16142483,1.085,4513893673301,0,22,0.264,-202346958,47344676432,1794662655,-1997009613,0.785,4505372613967,-59230100
801329,白银,-30,-0.303,323320,14901911,323320,0,1.081,257215936426,0,-64,-0.645,-31926631,2052143877,136385417,-168312048,0.618,256532615007,10716300
801330,旅游,-12,-0.032,-1690650,32520239,1402049,-3092699,1.576,575588483813,0,68,0.843,-7662532,7375900176,1173002036,-1180664568,0.722,576871131280,-33750100
801332,大麻,-7,0.092,482289,124781863,482289,0,4.053,409863141559,0,14,0.306,-29351413,6351831433,186871788,-216223201,0.887,410688616462,590124
801342,超高清视频,-7,-0.072,66928,66975246,834442,-767514,0.777,1512694024713,0,8,0.089,-152230605,13236333891,272998343,-425228948,0.709,1516294631971,-16576700
801346,智能电网,-4,-0.044,2040927,241469158,14735169,-12694242,0.986,4543517534845,0,13,0.138,-239472618,37060777593,1221966103,-1461438721,0.66,4546921516965,-15898100
801350,一带一路,-3,-0.034,-6526977,328976590,5684865,-12211842,1.368,8194410981760,0,-100,0.551,-106092002,46999573872,1246010035,-1352102037,0.835,8237574819062,-24065300
801351,科创板,-11,-0.118,891598,247644999,25100506,-24208908,1.221,3424426543156,3164790,-116,0.331,-391292768,41773777909,3011252654,-3402545422,0.84,3432891876409,-37265700
801358,大飞机,-10,-0.104,-373500,20121219,0,-373500,0.844,1061069203963,0,17,0.173,-55026175,5053759742,95387896,-150414071,0.714,1061794568509,-13245000
801359,华为海思,-1,-0.019,366644,8586114,366644,0,1.076,232027816626,0,32,0.322,-17499925,1655014062,36482474,-53982399,0.631,232600225999,0
801363,黑龙江自贸区,-42,-0.429,0,23728899,0,0,1.762,61113487789,0,36,0.362,-571580,2964766270,1744944,-2316524,0.802,62557429655,0
801366,业绩增长,-6,-0.055,-2187906,1072647384,38734767,-40922673,1.247,15742641667776,4379900,28,0.349,78358123,164120428665,5387017391,-5308659268,0.845,15791861924283,249800000
801369,病毒防治,-13,-0.105,-4818300,573318187,59947282,-64765582,2.789,4835165129440,10699600,0,0.05,-829226758,53252245586,3660385548,-4489612306,0.866,4833781388507,17429200
801371,垃圾分类,-12,-0.121,386099,12341294,386099,0,3.336,150089282076,0,42,0.427,12343583,1469932290,102465520,-90121937,1.045,150579594356,1496800
801374,造船,11,0.119,2837100,19436299,5492434,-2655334,1.166,391419135546,0,49,0.49,-55868528,3428254329,507350074,-563218602,0.791,391122797084,-4855730
801375,新材料概念,1,0.019,3607242,136673217,6395242,-2788000,1.112,2508862773504,0,847,0.604,139597702,21142617621,630652390,-491054688,0.713,2516230970095,102511000
801376,健康中国,-23,-0.041,-277211,186932021,524639,-801850,3.455,1655530864938,0,-18,0.005,10476966,14291893636,128662258,-118185292,0.806,1655118122674,0
801377,金刚石概念,0,-0.004,-359350,1270423,0,-359350,0.392,65893387160,0,40,0.403,-10927846,482794132,41838404,-52766250,0.741,65999512452,-6587540
801378,电梯概念,12,0.128,0,4471197,0,0,0.622,78050731289,0,22,0.224,-12575972,1026359895,17980851,-30556823,0.586,77742070510,0
801379,碳纤维,0,0.005,565950,7028663,565950,0,0.648,310639045345,0,80,0.805,190809,2009857897,81885636,-81694827,0.701,313101515262,-3066700
801380,生鲜电商,-44,-0.445,0,8052175,0,0,1.288,280103196168,0,-131,-1.32,-22949151,1130624300,23269883,-46219034,0.659,281673498771,-10220000
801382,分拆上市预期,-19,-0.196,0,47370511,0,0,1.16,1847046263573,0,20,0.207,-7154536,8326828442,37383153,-44537689,0.752,1852293930330,0
801386,轨道交通,-11,-0.112,-96205,89546134,4102763,-4198968,1.051,2640585961078,0,-1,0.082,-19731595,15193097539,439304776,-459036371,0.705,2644764122379,2198620
801388,VPN,-53,-0.536,-1049816,34533455,1196921,-2246737,1.7,230627421966,0,-93,-0.337,-65958152,4040223497,25067237,-91025389,0.907,231179142919,0
801391,美容护理,-17,-0.173,-4350620,31983897,1378120,-5728740,1.791,303303214248,0,0,-0.008,-17647080,3179161320,162964432,-180611512,0.673,302945053370,-2303100
801396,云游戏,-41,-0.417,-1882147,45196578,388672,-2270819,1.643,144199890060,0,-30,-0.309,-568287,4799817271,306640906,-307209193,0.812,144857990341,-40133300
801399,智慧城市,-37,-0.371,8263172,362768903,17695177,-9432005,1.488,2435982400374,3955060,2,0.021,-69529858,39329028709,585779259,-655309117,0.791,2431496317315,-12997000
801407,上海,4,0.045,2274472,40582248,5572782,-3298310,0.656,1172460881473,0,73,0.74,126648064,11895219735,1262847127,-1136199063,0.712,1189703744444,137239000
801408,智能家居,-16,-0.163,-686716,98578766,0,-686716,1.224,1570027463613,0,7,0.072,19194828,14819295079,190414468,-171219640,0.778,1565549603276,3299980
801411,柔性屏,-12,-0.126,529159,67559980,2057504,-1528345,1.148,733517350272,0,17,0.33,1636505,8226366895,93603727,-91967222,0.807,735430321542,0
801412,新零售,-11,-0.116,867072,69436856,3653916,-2786844,0.989,1122241963616,0,-2,0.067,-16565631,11783424541,265468767,-282034398,0.609,1122435275250,-10220000
801414,教育,-17,-0.171,-4170448,239973727,10115869,-14286317,1.63,1023432204736,0,14,0.15,-123814096,26610216352,366481783,-490295879,0.812,1025425644448,-419949
801415,电子发票,-41,-0.414,0,8426536,0,0,2.504,73174315164,0,28,0.288,-6552558,816466499,10945286,-17497844,0.955,73424573121,0
801417,天津自贸区,13,0.134,-494279,22294322,0,-494279,5.072,59710718845,0,28,0.285,-47196175,1234068589,86778812,-133974987,1.028,59702233553,0
801418,民营医院,-27,-0.279,-10653527,71252250,8381325,-19034852,2.08,703688533553,-3180000,-481,-0.617,-149283493,6219230174,280089226,-429372719,0.75,703453893107,-32551800
801419,通用航空,5,0.058,1050780,89987368,2280840,-1230060,5.918,349770123242,0,50,0.51,-17734631,4111137745,59486880,-77221511,0.999,350161438592,-3600050
801420,蓝宝石,-32,-0.328,-359350,64100961,0,-359350,1.345,713315930926,0,-16,-0.162,-16340770,7311008722,12880717,-29221487,0.673,718214498694,-3073440
801422,小金属概念,-13,-0.138,-501855,89305592,482289,-984144,0.981,2271809643932,0,-23,-0.234,-45177779,16027646786,185377140,-230554919,0.652,2269172389722,-18144800
801427,福建自贸区,6,0.064,0,4924188,0,0,0.786,114345781847,0,51,0.52,-140416,1187685637,51594955,-51735371,0.673,114790461467,-14058100
801430,智能交通,-38,-0.387,750764,65394738,750764,0,1.342,869667818046,0,-24,-0.248,-4682362,8869613222,70793829,-75476191,0.816,871473961488,-7345100
801433,光学镜头,-7,-0.077,0,24279880,0,0,1.549,286661158202,0,-17,-0.177,-61490791,2568722400,129354361,-190845152,0.564,285954955863,-4893390
801437,传感器,-25,-0.259,3346399,92750154,8141283,-4794884,1.163,783430940055,0,-8,-0.085,-137866756,10324602452,357953699,-495820455,0.681,784551572236,-6728160
801439,网红经济,-14,-0.148,-850710,193611295,4624134,-5474844,1.2,1246277695476,0,26,0.344,9482870,29693103261,1082095351,-1072612481,0.747,1250809693870,-1519380
801443,转基因,26,0.269,-471601,8712643,0,-471601,0.782,134246030243,0,108,1.083,18531413,2303768935,144730770,-126199357,0.86,135236114818,4542650
801445,元器件,-11,-0.115,-1548018,31280078,0,-1548018,1.226,500233538094,0,-2,0.207,-29399770,5450885691,165174700,-194574470,0.853,502620719097,-19379000
801450,年报预增,0,-0.007,-1409164,114894107,7074419,-8483583,2.031,1697369610526,-3180000,27,0.272,-63032651,17879196542,156412446,-219445097,0.922,1707585536685,-13621100
801451,wifi6,-8,-0.083,0,24392641,0,0,1.329,91710524014,0,-28,-0.283,-28258843,2349928537,34708991,-62967834,0.752,91379944473,0
801452,再融资,-8,-0.085,0,111809831,0,0,0.889,2295514339812,0,25,0.292,-17574733,20263160116,134428314,-152003047,0.735,2304085024285,2837630
801457,武汉,-15,0.026,-359396,96738646,0,-359396,0.996,558195279793,0,35,0.528,-27745780,9667255063,211153735,-238899515,0.706,560905609112,5663650
801461,C2M,-10,-0.102,-457870,8895129,804000,-1261870,0.609,268145478007,0,33,0.335,179643,2313619268,52461555,-52281912,0.794,267692577895,0
801462,RCS,-43,-0.432,20832,64472740,356127,-335295,1.282,503932465535,0,11,0.118,-23818777,9335419024,172391896,-196210673,0.769,505530187978,-3000000
801464,农业,-4,0.0,-42291544,262105698,64850646,-107142190,4.859,2260062169561,-6280000,-15,0.509,-228120840,22772366117,2235768768,-2463889608,0.934,2272266441009,-51482400
801467,REITs,-17,-0.178,0,17540651,0,0,0.913,784793358982,0,22,0.221,4109537,3590097776,63338710,-59229173,0.559,788851177051,0
801468,电子烟,-16,-0.163,-697767,20184753,0,-697767,1.183,407618778615,0,-4,-0.045,4675287,4573635334,388353182,-383677895,0.918,408487670470,-2298050
801471,免税,-5,-0.053,-1376764,20196057,494199,-1870963,0.8,768427954044,0,47,0.593,-18129649,6591991924,737268889,-755398538,0.776,772462558551,-63952900
801479,NMN,-17,-0.177,-4140556,26209910,1045000,-5185556,2.042,126020200504,0,-24,-0.242,-52830867,2209879696,68591450,-121422317,0.875,125545643576,0
801493,光储充一体化,-11,-0.115,7213,6948208,327911,-320698,0.964,131861497983,0,40,0.405,-26605291,1208691005,118247121,-144852412,0.66,132660633058,0
801511,高端制造,803,0.032,4790171,188417726,11551127,-6760956,1.197,1868920102395,0,831,0.357,-114834009,23175878473,1061101919,-1175935928,0.726,1871276399104,5209920
801519,汽车类,-325,-0.228,-12575609,619980969,43696418,-56272027,1.509,9698516726688,-7026240,174,-0.215,-1095421249,92344294996,3929853606,-5025274855,0.706,9686064093586,-166596000
801522,专精特新,-67,-0.071,-2890535,228039429,7566189,-10456724,1.039,2299889649118,0,27,0.279,-161725994,34329655059,818273478,-979999472,0.775,2306111980579,10769400
801529,激光,-28,-0.282,0,45652787,0,0,1.496,247576518618,0,-61,-0.613,-18336928,4343800709,53622582,-71959510,0.659,246739535709,3994900
801530,中字头,-11,-0.112,314353,119024664,1412036,-1097683,0.794,8175429199666,0,-147,0.03,-19250102,25819832390,205153377,-224403479,0.722,8212527337249,3146000
801541,生物质能,4,0.045,0,13478981,0,0,0.797,409505623459,0,46,0.465,-6769710,3146071462,16407728,-23177438,0.701,411111842242,0
801543,水电,3,0.035,-858428,9433504,1344700,-2203128,0.838,1043877406467,0,52,0.528,-19999111,1656801538,231515748,-251514859,0.652,1046046081293,15635700
801546,钒电池,1,0.018,0,6426541,0,0,0.419,472439287049,0,47,0.479,-23390523,2557657656,130415034,-153805557,0.685,474350757712,4623750
801547,碳基材料,-5,-0.053,0,3469518,0,0,0.711,131351647791,0,38,0.385,-4065081,949207859,16907777,-20972858,0.731,131951466262,0
801550,国资云,-39,-0.391,-2630735,122295309,1729284,-4360019,1.122,787428475934,0,-29,-0.299,-1187565,14396530075,331695431,-332882996,0.763,792181613860,9309380
801553,元宇宙,-21,-0.219,-10138836,405501400,12203996,-22342832,1.376,3237678788126,0,-77,-0.127,-151897359,51965993339,1192354364,-1344251723,0.741,3241774503731,-22291100
801564,绿色电力,8,0.082,-2417679,170974221,314225,-2731904,5.357,2404358687652,0,44,0.447,-39998170,9717067801,566147712,-606145882,0.82,2410783035522,19110400
801565,海工装备,13,0.137,0,29030986,0,0,1.118,687020839803,0,77,0.771,-11961102,5267624711,21727921,-33689023,0.799,689763104878,0
801567,NFT概念,6,0.07,0,116279853,0,0,3.06,200413953428,0,74,0.743,-44431147,6999601649,63172059,-107603206,0.896,201536684485,-35684400
801572,中报增长,-8,-0.078,-1247227,1154328101,39675446,-40922673,1.25,16295263187136,4379900,29,0.356,102095198,173354708601,5524431837,-5422336639,0.836,16342975535103,258051000
801575,智慧矿山,-7,-0.079,454049,6286611,847469,-393420,1.137,92047482005,0,26,0.267,-7812417,1253785947,109022876,-116835293,0.877,92304413849,0
801576,石墨化,4,0.044,0,27409700,0,0,0.867,873371625475,0,44,0.447,10586920,4978099398,63379035,-52792115,0.545,876541645073,0
801578,铀矿,15,0.15,0,2250234,0,0,0.725,96363517756,0,68,0.684,0,504974519,0,0,0.674,97108230433,0
801579,垃圾发电,-1,-0.019,-230420,8428058,308580,-539000,0.922,314555355804,0,47,0.48,12697988,1495327190,169888594,-157190606,0.675,315848946440,3726850
801580,发电机,10,0.11,0,2173379,0,0,0.637,127777349745,0,47,0.476,-17633441,802880090,98235814,-115869255,0.89,128176668304,0
801584,数字经济 ,-24,-0.236,-10430662,1478061145,162156970,-172587632,1.547,9615351364288,44935300,447,0.165,-1949295294,174868455037,11685972906,-13635268200,0.784,9634340137536,279907000
801587,光热发电,6,0.068,0,9686893,0,0,1.368,285933627668,0,37,0.374,-10808781,1918907059,38865226,-49674007,0.827,286711568574,3140780
801606,成渝经济圈,-36,-0.367,90740,6380897,430995,-340255,1.352,42557454248,0,6,0.069,-23643632,577736133,51674328,-75317960,0.512,42748433610,-4167650
801612,脑机接口,-68,-0.684,2217099,66947942,4501199,-2284100,2.695,220202133803,0,-187,-1.277,-53239757,5244372059,180036642,-233276399,0.921,219559778562,0
801613,幽门螺杆菌,-22,0.011,-355590,24786394,0,-355590,15.042,108363240704,0,-21,0.022,-64459095,1381820250,43051621,-107510716,0.946,108120837609,0
801614,电子纸,15,0.157,0,3238308,0,0,0.544,103437685232,0,79,0.797,-5819718,1005166372,11935791,-17755509,0.782,103942439698,0
801623,中俄贸易,-2,-0.026,-704612,25591428,766846,-1471458,1.189,337495648749,0,94,0.945,45127500,4067285411,249201520,-204074020,0.857,341172855398,14695900
801625,在线办公,-44,-0.443,0,51795524,0,0,1.179,488098417005,0,34,0.704,18985712,7962016880,46316000,-27330288,0.856,486663874144,10670800
801628,资产管理,-7,-0.077,-335314,10207232,0,-335314,0.769,208877100901,0,23,0.235,-44669964,1565935808,67270576,-111940540,0.491,209339827976,-13309000
801631,次新股,739,-0.571,12872047,952498246,32465801,-19593754,4.388,493926735328,5844300,3481,0.929,340020621,62119099630,2129482874,-1789462253,1.277,500332412991,158772000
801632,县城城镇化,-39,-0.395,3106767,118793671,6658688,-3551921,4.963,276513303923,0,-52,-0.521,-58544831,6704651533,170160954,-228705785,0.898,275850744465,0
801635,平台经济,-11,-0.042,-5955995,421181613,11687924,-17643919,1.515,3962683978048,0,-33,0.4,52503139,54768715489,1458022129,-1405518990,0.797,3970247677561,178077000
801636,露营经济,3,0.036,0,21165203,0,0,1.778,81183973440,0,46,0.954,-1948288,2092271387,25273487,-27221775,0.718,81649899361,0
801637,潮玩,-10,-0.106,-353276,6197203,364797,-718073,0.604,50317902810,0,73,0.738,-13057741,1501049307,108142356,-121200097,0.722,50595413207,3299200
801640,就业概念,0,0.009,0,11076808,0,0,0.965,83096613041,0,-17,-0.175,6322264,1601087900,17341825,-11019561,0.684,82470286077,0
801642,石英材料,0,-0.002,0,2079508,0,0,0.609,197458438138,0,48,0.489,31201244,1056006840,113779029,-82577785,0.655,199027557377,0
801646,信托概念,6,0.264,-335314,27769303,0,-335314,2.031,627371195444,0,85,1.025,-10823162,3925859468,101347237,-112170399,0.616,630161162203,-9209240
801648,数字藏品,1,0.012,0,57718925,0,0,1.709,333065032467,0,20,0.205,130899,6064119340,1667452,-1536553,0.715,332657383936,0
801649,两轮车,0,0.002,0,3879322,0,0,0.922,114914503547,0,22,0.227,8645952,1064280507,75844606,-67198654,0.825,115069593274,0
801650,SHEIN概念,-5,-0.052,0,2569684,0,0,1.394,25592603260,0,13,0.135,-5346058,301505956,3738594,-9084652,0.797,25634283711,0
801651,湖南,-17,-0.177,-947220,95049908,1204792,-2152012,1.145,1257015163935,0,4,0.043,-92661534,13916512862,466752039,-559413573,0.649,1258743766850,-11774500
801653,霍乱概念,6,0.064,0,3152492,0,0,1.102,50495927866,0,-14,-0.145,-8107631,470748984,26380607,-34488238,0.667,50455263251,0
801654,眼科医疗,-27,-0.279,-670650,41886210,0,-670650,1.266,722377437443,0,-19,-0.198,-10600173,5768495833,47744497,-58344670,0.607,720994440448,-3237200
801655,隐形冠军概念,-5,-0.052,-712222,45510949,0,-712222,0.911,1030559581971,0,47,0.478,894500,8976747318,75969508,-75075008,0.717,1032967547790,3123150
801656,热泵,-22,-0.22,0,20767852,0,0,4.584,126046234234,0,-4,-0.042,3545165,1599271604,18482988,-14937823,1.01,126225550146,0
801660,通信,-27,-0.278,3159275,507206087,99338996,-96179721,1.232,4026543654752,37423600,-19,-0.195,-648657816,61223585613,6411169471,-7059827287,0.752,4021774518019,-231486000
801662,火电灵活改造,4,0.043,0,2698612,0,0,0.375,191481879355,0,48,0.485,-2015346,940453292,59840396,-61855742,0.669,191812844167,0
801664,中芯国际概念,1,0.014,137912,43316353,547539,-409627,1.213,1174814396295,0,-124,0.255,8202723,9553492111,115233419,-107030696,0.828,1179801775977,0
801672,web3.0,-50,-0.503,889137,163977843,3707153,-2818016,1.349,606714074062,0,32,0.493,-45966036,21335256175,256283910,-302249946,0.807,611882239063,-14143600
801676,地产链,-73,-0.11,78812,384570616,25477485,-25398673,1.537,4608094756306,0,524,0.279,-324618743,49922785761,3995875726,-4320494469,0.648,4614281214096,-28993700
801689,客运,-20,-0.209,0,1228376,0,0,0.374,303131642174,0,90,0.91,-8969748,446533021,78343545,-87313293,0.608,304979241107,10850000
801694,非金属材料,-5,-0.056,0,870160,0,0,0.268,80709185572,0,85,0.854,28247384,759531290,125953339,-97705955,0.9,81514332030,0
801700,高压快充,-3,-0.031,-995420,11347973,0,-995420,0.716,263482845395,0,19,0.197,-28466748,2879942796,112098467,-140565215,0.731,264175027635,1496800
801705,超导概念,-80,-0.804,4936925,49448012,9627050,-4690125,1.069,211085575242,0,-145,-1.454,-43934089,5588545119,341735364,-385669453,0.544,210056945676,3549280
801719,腾讯概念,-24,-0.241,0,184761890,0,0,1.162,1466764726592,0,4,0.128,29668932,24804501413,452855231,-423186299,0.685,1468227944175,34001000
801733,中特估,2,0.028,-2121583,211805980,14143414,-16264997,0.827,15122369484892,0,58,0.581,278245249,47148676259,3363248088,-3085002839,0.753,15184544514434,349167000
801735,中船系,25,0.253,0,16199906,0,0,1.186,349957484153,0,-5,-0.055,-2571403,2701002681,6197951,-8769354,0.622,349045406419,0
801773,热力,13,0.133,0,4882865,0,0,0.602,102629440933,0,94,0.94,14654277,1317309361,85826678,-71172401,0.604,103095307057,0
801787,实控人变更,-41,-0.419,172549,22351766,895417,-722868,2.139,38380691728,0,-105,-1.056,-23845348,1337308810,27908325,-51753673,0.565,38262568295,0
801788,仪器仪表,10,0.107,-527799,22368522,7793367,-8321166,2.779,149799957282,0,20,0.209,-58990927,2298749435,113803456,-172794383,0.747,149543366548,3128120
