股票代码,板块名称,当前涨幅_0930,净额_0930,成交额_0930,主力买_0930,主力卖_0930,量比_0930,流通市值_0930,当前涨幅_1500,净额_1500,成交额_1500,主力买_1500,主力卖_1500,量比_1500,流通市值_1500
881101,种植业与林业,-0.131,-405644,13146293,3550599,-3956243,1.699,169387577048,0.782,-107471549,2196854934,426632689,-534104238,0.751,171066775555
881102,养殖业,-0.149,-1210365,20339118,4824384,-6034749,1.903,413301637538,0.447,-131219746,3275932343,712116106,-843335852,0.81,415765351993
881103,农产品加工,-0.293,-368752,9683625,350500,-719252,0.749,343265683180,0.821,-134638085,3118639767,599574522,-734212607,0.949,347586546073
881104,农业服务,0.014,0,884372,0,0,0.36,75028045431,1.079,9614690,517736312,90414631,-80799941,0.972,75846641195
881105,煤炭开采加工,-0.305,-494989,21193230,4405048,-4900037,1.991,1229702075707,0.986,-86392022,4808433623,1135120752,-1221512774,1.269,1240779955087
881106,石油矿业开采,-0.369,-873930,7892726,1486463,-2360393,1.173,1406660092299,0.753,-172564824,2484670280,834746534,-1007311358,1.996,1429622222312
881107,油气开采及服务,-0.216,-1549628,8337686,675360,-2224988,0.854,320002648665,1.113,-75681901,3241913771,1058493923,-1134175824,1.9,325154906399
881108,化学原料,-0.219,-2756030,31631028,7008133,-9764163,1.859,524420155117,0.623,-34564025,4879412696,1035850054,-1070414079,1.11,530466438872
881109,化学制品,-0.129,-9487235,111273816,23533165,-33020400,1.838,1856827880792,0.468,-251647405,18499631544,3773923155,-4025570560,0.932,1878244463875
881110,化工合成材料,-0.152,74484,29042448,5375915,-5301431,1.086,540421198407,0.358,-173679475,6068568314,922515320,-1096194795,0.965,544408294279
881111,化工新材料,-0.396,-2336165,8239442,384383,-2720548,1.303,502637031216,1.143,30818504,3290121757,910788115,-879969611,1.537,513555910491
881112,钢铁,-0.667,-2667012,92876820,29408913,-32075925,5.351,808090500557,1.101,-497759908,11066958062,2968119419,-3465879327,1.89,825925978945
881113,有色冶炼加工,-0.663,-23729701,157492219,45638805,-69368506,2.013,1990048305646,0.918,-18594160,23753885271,6333114815,-6351708975,1.236,2021599249000
881114,金属新材料,-0.183,81327,7863787,1043400,-962073,1.265,136050835712,0.431,-14080922,2173156313,341298711,-355379633,1.025,136655480008
881115,建筑材料,0.131,6967548,103337389,48347397,-41379849,3.466,728238595048,1.787,577743052,13681548241,3508346054,-2930603002,1.3,746619598124
881116,建筑装饰,-0.301,33846096,291264064,116679657,-82833561,2.268,1591989749951,-0.047,134412990,27060657647,6578494687,-6444081697,1.084,1622394282348
881117,通用设备,-0.238,3053781,67190201,11409135,-8355354,1.401,635254892873,0.1,-291271294,12147209249,1780697835,-2071969129,0.946,638101764915
881118,专用设备,-0.229,-12815870,107143205,21275276,-34091146,2.532,1175441661526,0.392,-160145015,17513677254,3573864449,-3734009464,1.119,1191092383482
881119,仪器仪表,-0.164,0,6902133,0,0,0.895,141994677801,-0.312,-50108823,2082607834,245975227,-296084050,0.82,141702646902
881120,电力设备,-0.313,-17471079,286292317,65708258,-83179337,1.862,5036411287816,0.163,-359455362,58047469566,14333620488,-14693075850,1.015,5090939667825
881121,半导体及元件,-0.122,-6083089,167361693,42663053,-48746142,0.908,2661218077507,-0.39,-1601756426,41861677340,9107610415,-10709366841,0.874,2675091626519
881122,光学光电子,-0.142,388502,76839911,25182904,-24794402,1.199,801479564379,0.007,-60561189,11864957089,2753570105,-2814131294,0.866,810033421067
881123,其他电子,-0.018,5586609,48478878,21425185,-15838576,1.747,161029068298,-0.101,-145337444,4729055305,921250315,-1066587759,0.87,160720890723
881124,消费电子,-0.21,5556604,95989742,45511075,-39954471,1.434,1348564130105,-0.005,-195563093,14622908283,3406975677,-3602538770,0.846,1352046529559
881125,汽车整车,-0.757,7851328,217249389,102551408,-94700080,4.049,1131036565245,3.416,2681588703,27104218179,10534023299,-7852434596,1.595,1184051065885
881126,汽车零部件,-0.634,-12533933,642785284,240952869,-253486802,7.922,1359262059645,0.829,-488892685,41771918939,7971835877,-8460728562,1.604,1380520004284
881127,非汽车交运,-0.13,848499,10856049,2037397,-1188898,1.023,399520687554,1.264,37241030,3008178217,583670555,-546429525,1.468,408105886895
881128,汽车服务,-0.658,229977,13936013,3265853,-3035876,4.128,81399773769,0.484,14487600,1375549054,357157839,-342670239,1.334,82499594902
881129,通信设备,-0.138,-1028197,71049047,16294739,-17322936,1.024,856933744636,0.018,294474402,21988994708,6706384032,-6411909630,0.927,860904273625
881130,计算机设备,-0.072,6419191,73473782,24623847,-18204656,1.196,863942054442,0.831,476187399,19591759367,5831468678,-5355281279,1.16,883034500358
881131,白色家电,-0.353,1025678,27086029,7873560,-6847882,1.15,990515334730,0.454,239026866,7111975728,1963206448,-1724179582,1.053,1005905051691
881132,黑色家电,-0.228,-1562622,5887134,324279,-1886901,1.739,114906756286,0.673,2432993,1231558200,260657255,-258224262,1.014,115429149581
881133,饮料制造,-0.355,7989757,121809326,59893856,-51904099,1.208,4668848876246,1.596,961075614,31465511420,12615232288,-11654156674,1.175,4805980399140
881134,食品加工制造,-0.311,203883,48950669,10828335,-10624452,1.298,1041480659300,1.497,322015801,11688203511,2539081152,-2217065351,0.988,1065262061266
881135,纺织制造,-0.158,-589762,4344410,0,-589762,1.13,120433097991,1.953,63913339,2153653934,399841655,-335928316,1.573,122896782139
881136,服装家纺,-0.28,3242941,32972179,8525359,-5282418,3.32,262217629945,2.63,255644051,6211955380,1278497392,-1022853341,1.295,269571216876
881137,造纸,-0.212,350700,4459106,350700,0,0.829,147040125909,0.978,-4898675,1465799789,279987227,-284885902,1.018,149166761621
881138,包装印刷,-0.068,-269246,34368507,16413469,-16682715,1.076,180485064588,0.442,-199364441,3879729941,766069654,-965434095,0.776,181104883742
881139,家用轻工,-0.037,-884285,31167785,2274319,-3158604,1.383,544746193334,1.823,125028260,8423119422,1240642947,-1115614687,1.127,559837189985
881140,化学制药,-0.178,-3610417,29979394,3399625,-7010042,0.868,1434871865585,0.972,140237007,12513135199,2622232814,-2481995807,1.046,1456654135891
881141,中药,-0.143,1582422,24566719,5334245,-3751823,0.797,1013129960482,0.732,5997145,8781149778,1935741954,-1929744809,1.073,1026555197643
881142,生物制品,-0.163,3236759,40279824,13060210,-9823451,0.845,759549751389,1.34,-230821562,9014164777,2203293810,-2434115372,1.128,767030843864
881143,医药商业,-0.183,-367660,5828520,0,-367660,0.657,302201841907,0.68,12427093,2690504051,481399603,-468972510,1.108,305465044465
881144,医疗器械,-0.238,-560860,38616739,6620770,-7181630,1.479,1124363625504,0.529,-125130569,9245612565,1732736331,-1857866900,1.256,1136419656588
881145,电力,-0.203,-713534,48686488,9511929,-10225463,0.941,2267116209290,0.245,-594073554,13095347421,3263181250,-3857254804,1.068,2283355856589
881146,燃气,-0.14,-326190,3911948,0,-326190,1.388,171594147886,0.714,-22402501,1080747709,140017709,-162420210,1.104,173401706248
881147,环保工程,-0.181,9087815,65133985,20004982,-10917167,2.661,421495464863,-0.296,-278573476,5819929046,894089855,-1172663331,0.994,422998368900
881148,港口航运,-0.103,2442534,16631653,5544419,-3101885,1.743,734819996631,1.309,141145025,4126445385,1230379093,-1089234068,1.434,745896723829
881149,公路铁路运输,-0.064,-789742,7114672,0,-789742,0.901,696951461604,1.424,-158077638,2763310422,573375953,-731453591,1.268,708845438158
881150,公交,-0.224,0,766553,0,0,0.428,33072308283,1.266,-3989187,546781746,77810919,-81800106,1.509,33471907811
881151,机场航运,-0.382,-410356,9259707,775523,-1185879,0.932,595305933635,1.324,165365215,3571185340,1177050526,-1011685311,0.971,607797025662
881152,物流,-0.29,-5332923,27081236,5205518,-10538441,1.797,650648057860,0.805,-182379131,4839564019,1047680686,-1230059817,1.348,662506568283
881153,房地产开发,-0.096,57352325,452051252,228608016,-171255691,4.624,1299811028409,1.866,739381028,38409433317,11905680899,-11166299871,1.302,1335649289936
881154,园区开发,0.044,-387061,15434375,4160032,-4547093,1.983,142613666660,0.619,-44778095,1647150266,317875884,-362653979,0.907,144378641548
881155,银行,-0.298,-2218733,117679251,61343947,-63562680,3.119,6798457473792,3.303,2153686562,28603125660,13436656050,-11282969488,2.256,7006501342153
881156,保险及其他,-0.22,9116657,82912877,37975022,-28858365,2.03,2269781979963,4.408,2468418078,24989944806,10467551529,-7999133451,2.245,2388598116036
881157,证券,-0.041,11471873,208460565,105836119,-94364246,2.966,2395307250956,7.356,16368197550,94297666050,51187443666,-34819246116,2.926,2575899440669
881158,零售,-0.383,23003184,150495337,64074720,-41071536,2.653,739162486390,1.718,567807038,16322481358,4591372469,-4023565431,1.197,761169946122
881159,贸易,-0.421,-328199,4093531,0,-328199,0.933,91481960890,1.204,-42835503,1201604163,232033750,-274869253,1.03,92668420381
881160,景点及旅游,-0.474,-1618126,16261577,1959219,-3577345,1.808,120377751889,0.082,-12592666,2485947339,483868257,-496460923,1.143,121396652222
881161,酒店及餐饮,-0.613,-1718491,16369930,2070197,-3788688,1.286,100897184459,0.534,-28160933,2538502983,416814973,-444975906,0.766,101804501568
881162,通信服务,-0.27,150938,29598463,5379147,-5228209,0.752,525783141604,0.817,297358833,9048679318,2780377424,-2483018591,1.271,540260400871
881163,计算机应用,-0.106,4730321,245188600,75806143,-71075822,1.221,2435541163825,1.367,586261563,59986517482,16794336505,-16208074942,1.144,2480811722707
881164,传媒,-0.37,5943984,182748533,55273497,-49329513,1.324,1357420286144,-0.587,-1652967600,32836613472,6974259537,-8627227137,0.858,1353369333960
881165,综合,-0.043,161353,15925949,2502647,-2341294,2.714,228437687871,1.047,-89030842,2613566793,600938688,-689969530,1.618,231477313623
881166,国防军工,-0.403,-26654069,239270463,81288067,-107942136,2.349,1973008097255,-0.111,-2276669529,30179130468,7173792977,-9450462506,1.315,1973957526241
881167,非金属材料,-0.364,-358225,4011002,1023499,-1381724,0.8,85330494845,0.617,14002368,704953200,157998529,-143996161,0.964,86250390514
881168,工业金属,-0.51,-11170071,83073300,25663395,-36833466,1.943,982059117457,0.998,-120506245,11651885090,3227050007,-3347556252,1.276,998286583627
881169,贵金属,-2.012,-7801904,51292566,16757777,-24559681,3.658,248680311234,-0.85,-218018358,3845214366,807603501,-1025621859,1.113,248285974698
881170,小金属,-0.449,-6331971,39597104,4928553,-11260524,1.042,902085776782,1.09,253748038,10940740118,2823838300,-2570090262,1.127,919194093058
881171,自动化设备,-0.155,2801315,69850814,39215520,-36414205,1.566,616690287266,-0.27,-386249282,9710712050,1848822294,-2235071576,0.934,621928786214
881172,电子化学品,-0.084,0,8816283,0,0,0.726,214473563891,-0.023,-108984777,3130899581,540817272,-649802049,0.947,214828311689
881173,小家电,-0.035,399870,4525198,399870,0,0.878,228374783383,2.106,58668890,2357805855,488899720,-430230830,1.244,235287845986
881174,厨卫电器,0.27,311190,3670883,852390,-541200,1.018,55800128265,3.141,35146218,1476801106,260221899,-225075681,1.213,57717122561
881175,医疗服务,-0.258,468493,29762695,8593826,-8125333,0.898,782777137425,0.9,-97992440,8832319494,2017300887,-2115293327,1.021,794466153992
881176,房地产服务,0.923,10103026,52286089,32131582,-22028556,8.062,46109139815,2.641,66837009,2468728786,628617564,-561780555,1.127,46729801107
881177,互联网电商,-0.645,-2334726,21410457,4627813,-6962539,1.075,102048313506,0.033,-53775029,2582620529,457400907,-511175936,0.631,103643618988
881178,教育,-0.62,163734,8829811,1776309,-1612575,1.117,80376283755,0.418,3957491,1961797043,462648933,-458691442,1.109,81321574734
881179,其他社会服务,-0.318,-1275254,6344272,372465,-1647719,0.76,153450900838,-0.158,-66336440,2083478662,368976235,-435312675,0.998,154691076825
881180,石油加工贸易,-0.119,-653448,11140736,3057688,-3711136,1.283,2231787423331,0.572,-91275202,3278805666,976030055,-1067305257,1.287,2261675457511
881181,环保,-0.296,12140254,131822705,37517979,-25377725,3.23,633443476865,-0.424,-367796032,10233639529,1565356426,-1933152458,1.061,634634278526
881182,美容护理,0.386,13072719,43965550,25715796,-12643077,5.251,249438862847,2.652,-14296983,4849406481,1174479161,-1188776144,1.439,255410976666
