股票代码,板块名称,当前涨幅_0930,净额_0930,成交额_0930,主力买_0930,主力卖_0930,量比_0930,流通市值_0930,当前涨幅_1500,净额_1500,成交额_1500,主力买_1500,主力卖_1500,量比_1500,流通市值_1500
881101,种植业与林业,0.183,198727,7315247,1505001,-1306274,1.719,160759526272,2.541,-37964223,2114133221,444591582,-482555805,1.4,163263689344
881102,养殖业,0.091,-709536,20635956,6407245,-7116781,3.004,398611111808,0.7,-239249541,3297825938,639534925,-878784466,0.916,401249318272
881103,农产品加工,0.701,22226337,54160415,38779594,-16553257,4.88,333970979264,1.647,73224943,3646852320,905140417,-831915474,1.384,333973342592
881104,农业服务,0.06,0,1073864,0,0,0.66,72380741888,1.475,-802159,613650661,101669032,-102471191,1.183,73420051584
881105,煤炭开采加工,-0.141,5417270,57086237,21050989,-15633719,2.996,1268721890048,0.835,87105130,6208732871,1714519221,-1627414091,0.993,1290079051264
881106,石油矿业开采,-0.088,-35997,12926116,5105028,-5141025,1.497,1339828550784,0.805,-27708436,1520268543,507906053,-535614489,0.789,1341350752512
881107,油气开采及服务,-0.182,-1905970,12367826,4996577,-6902547,1.391,305504118272,1.279,104825860,2589667886,801942913,-697117053,1.154,310765150208
881108,化学原料,0.149,-1984718,36879231,10011173,-11995891,1.939,486012803968,1.793,51053556,4508180646,1033130378,-982076822,1.1,493526911616
881109,化学制品,0.358,18593166,102945979,40139682,-21546516,2.623,1764194374336,1.967,-84380318,18441014252,3525307641,-3609687959,1.341,1789930948896
881110,化工合成材料,0.014,43398878,146478368,99271647,-55872769,3.441,524260912448,2.298,506119822,12942984256,3947548065,-3441428243,1.333,537514526304
881111,化工新材料,0.152,-378058,5469732,747150,-1125208,0.86,475144045184,1.354,10951358,1585844550,275836745,-264885387,1.122,476889304832
881112,钢铁,0.033,693176,12854452,2768176,-2075000,0.917,746003872320,1.297,55374127,3405260474,912583923,-857209796,0.909,753554279424
881113,有色冶炼加工,0.066,-1883056,67163371,11145778,-13028834,0.964,1884803216768,1.522,119927111,18453217688,4695588120,-4575661009,1.053,1904178560256
881114,金属新材料,-0.19,-7041629,108287793,39782100,-46823729,9.946,143488219456,0.926,-328084566,5531644497,1109299095,-1437383661,1.874,144637261952
881115,建筑材料,0.241,-12957794,84873045,31736717,-44694511,3.457,685713161152,0.987,-147327981,6571544753,1136457651,-1283785632,1.118,688194731328
881116,建筑装饰,-0.055,1956865,89355873,22481110,-20524245,1.362,1545575993504,0.947,-407945539,14181502927,3171198627,-3579144166,0.852,1554042375712
881117,通用设备,-0.212,40812797,386820222,181773865,-140961068,3.152,649984842048,0.973,-111679053,26821033883,5870714047,-5982393100,1.052,658103917376
881118,专用设备,-0.049,-203455551,575071315,169755250,-373210801,10.883,1186917323296,0.915,-358545194,25135793614,5467253304,-5825798498,1.133,1202770532128
881119,仪器仪表,0.103,4017142,42873850,18380750,-14363608,1.799,160063063936,1.384,-95277910,4944616983,965042913,-1060320823,0.855,163094300864
881120,电力设备,0.012,57462149,555251085,220315047,-162852898,1.915,5225286486656,1.541,666060645,95103441931,25656641958,-24990581313,1.138,5309934571008
881121,半导体及元件,-0.309,56949945,321624589,141450835,-84500890,1.535,2687550493952,1.569,2020479030,55961934753,15621070052,-13600591022,1.015,2733569509824
881122,光学光电子,-0.157,1933969,107769112,36290275,-34356306,1.329,777391335168,1.827,898703375,18287699907,5558657360,-4659953985,1.107,795427146752
881123,其他电子,-0.513,-3271966,42533119,14249199,-17521165,1.352,161611493312,1.643,-89633519,4789782926,907577250,-997210769,0.923,164518542016
881124,消费电子,-0.089,18303873,182418033,99083737,-80779864,2.158,1409885332928,1.991,1036932272,24566200272,8288828630,-7251896358,1.17,1449935661568
881125,汽车整车,-0.189,-10296721,87529928,33729889,-44026610,4.798,1086106576384,0.431,-275256838,10304812116,3057705473,-3332962311,0.977,1092646967552
881126,汽车零部件,-0.185,-438248,550362219,236102010,-236540258,4.556,1324624093632,0.85,-225919462,36493847744,8046816526,-8272735988,1.089,1341779080640
881127,非汽车交运,-0.123,-1083720,16958373,2711626,-3795346,0.922,408474419584,0.197,-151862985,3594285581,803498069,-955361054,0.848,408015975936
881128,汽车服务,0.003,-2370234,10307854,2285372,-4655606,1.009,89333174784,1.843,107240257,2143244101,621755076,-514514819,0.997,91564996608
881129,通信设备,-0.594,65157484,427158865,242518121,-177360637,2.368,932167847552,2.236,890532466,58062005027,21801941111,-20911408645,1.168,959574843072
881130,计算机设备,-0.461,7350017,228462308,109762387,-102412370,2.148,880593034688,1.018,-223457890,25841573283,7955995052,-8179452942,0.879,888038916864
881131,白色家电,0.27,-4387610,70265226,17328034,-21715644,2.985,1005566828352,0.699,-334088569,8761051615,2073186302,-2407274871,1.071,998914956032
881132,黑色家电,-0.026,-3029500,13984987,1058328,-4087828,0.695,123618444800,2.587,168635758,3760388383,1116338652,-947702894,1.03,126351972224
881133,饮料制造,-0.081,15595661,156071131,108055229,-92459568,1.339,4316149263488,-0.028,-370555418,15236215357,4585425152,-4955980570,0.904,4290335788160
881134,食品加工制造,0.032,15681,25351360,3039139,-3023458,0.99,1053386387328,0.811,-146909799,6743457542,1157968565,-1304878364,0.975,1053804165696
881135,纺织制造,0.183,377000,4350667,377000,0,1.064,114196844544,2.131,9463018,1686933178,248239848,-238776830,1.249,116868136832
881136,服装家纺,0.24,643350,17102214,2024393,-1381043,1.523,257368318496,2.67,13204705,4193841567,659254068,-646049363,1.301,262945120096
881137,造纸,0.12,-1566670,14112041,1867514,-3434184,1.083,139740634048,1.738,187794771,2844547289,776164613,-588369842,1.35,142846480960
881138,包装印刷,0.218,-2285822,87254457,41771998,-44057820,2.949,181298240448,1.528,-47057166,5488087273,1307630381,-1354687547,1.086,182877777536
881139,家用轻工,0.87,-11115287,113182142,39411537,-50526824,4.06,538832567680,1.444,-68275208,8755176538,1321404115,-1389679323,1.346,537674009696
881140,化学制药,0.084,-6459351,56405259,18107533,-24566884,1.543,1436707369024,1.308,-78957555,12590732146,2328567625,-2407525180,1.124,1455540408512
881141,中药,0.091,-1884613,60391493,17537884,-19422497,2.114,1073953686720,1.188,137589719,12089692080,2788286648,-2650696929,1.206,1079918035392
881142,生物制品,0.122,-848102,18672699,4993948,-5842050,1.041,714384493504,1.132,-20653403,5751304003,1173663872,-1194317275,1.089,720166179904
881143,医药商业,0.101,5964674,21566558,8345836,-2381162,1.432,314123756928,1.805,-5393705,4889572142,1098740750,-1104134455,1.297,319874427200
881144,医疗器械,0.057,-927457,26274477,3718419,-4645876,0.851,1103586968544,0.542,-204443070,8436765229,1327348306,-1531791376,0.976,1107776765696
881145,电力,-0.26,37655132,182526848,101936929,-64281797,1.575,2359673986688,-0.524,-1095580858,19519882184,4504469196,-5600050054,0.69,2349059741888
881146,燃气,-0.048,-864100,6129164,0,-864100,0.848,170730485312,0.074,-47048485,1257013092,118764926,-165813411,0.651,170623294720
881147,环保工程,0.126,-1895753,20590500,1993414,-3889167,1.325,399011605568,1.126,-49884883,4335897585,712580168,-762465051,0.98,402079681984
881148,港口航运,0.152,-472605,12271796,2167970,-2640575,0.939,666248771520,0.907,41884497,2746989476,654899195,-613014698,0.969,671903974976
881149,公路铁路运输,-0.01,-4422384,14796856,1985843,-6408227,0.943,696105661952,0.078,-65765163,2083826251,400928682,-466693845,0.797,692763252352
881150,公交,-0.708,-3989772,8098003,1644906,-5634678,3.016,32513270272,0.669,-24976226,486989404,82751567,-107727793,0.981,33122161280
881151,机场航运,0.08,1179788,7860475,1851446,-671658,1.263,547721321984,0.401,-49037480,2073838504,516571522,-565609002,0.817,550347797504
881152,物流,0.008,3877015,32981146,8904823,-5027808,1.825,617769362176,1.066,-75915231,3729252115,717798083,-793713314,0.887,625263919680
881153,房地产开发,0.131,3494478,46430361,10399573,-6905095,1.321,1183654802176,1.699,49304987,9521404258,2552107342,-2502802355,0.926,1187729767424
881154,园区开发,0.169,308381,4882304,308381,0,1.114,131869216640,1.636,4050025,889288170,177174887,-173124862,0.827,133054601856
881155,银行,0.018,2482377,58038182,27220413,-24738036,1.65,6660366256128,0.913,499907916,9808639041,4312356738,-3812448822,0.894,6708288450304
881156,保险及其他,-0.067,-2259184,24432401,4285770,-6544954,0.935,2190874378112,1.053,-29521503,5765115051,1561170586,-1590692089,0.925,2192542136768
881157,证券,-0.04,-8667180,39257587,4921175,-13588355,0.792,2217948345344,1.645,705242702,14327861420,5098898312,-4393655610,1.157,2256997799168
881158,零售,0.198,11340871,53871282,31221135,-19880264,1.008,673127534880,1.482,3025256,6685537628,1586931286,-1583906030,0.909,676271873984
881159,贸易,-0.14,-1876864,10916538,337994,-2214858,1.184,86744290176,1.14,-55555942,1410827231,229004371,-284560313,0.933,87793784960
881160,景点及旅游,-0.141,-694830,10624453,1124575,-1819405,1.523,116277486208,1.355,29318357,2434056040,417767228,-388448871,0.995,117634096128
881161,酒店及餐饮,0.187,428500,3312278,428500,0,0.424,88043681280,0.176,-2922523,1278931213,205307635,-208230158,0.674,87476058880
881162,通信服务,-0.431,11776868,52998638,24666550,-12889682,1.11,469451824960,0.616,-182660415,8950970478,2241586488,-2424246903,0.947,469700035136
881163,计算机应用,-0.369,-22050070,368113488,120631994,-142682064,1.081,2672308202432,0.488,-1179347479,70933519314,18381558995,-19560906474,0.815,2694738894208
881164,传媒,-0.279,-3125751,308574056,143093456,-146219207,1.332,1489325238656,-0.132,-543340686,50414493331,14657132875,-15200473561,0.763,1485710279616
881165,综合,0.355,315602,20355289,5785849,-5470247,4.122,190077932928,1.2,-66803789,1849915842,391434422,-458238211,1.198,191400279872
881166,国防军工,-0.032,9653881,225868671,105073798,-95419917,1.196,2006610016384,1.587,-381334143,41477241148,11092725955,-11474060098,0.94,2036632610560
881167,非金属材料,-0.225,-1563750,6129054,1462500,-3026250,0.75,88334596288,2.0,-97051084,1277449647,251316687,-348367771,1.244,89774656768
881168,工业金属,0.084,-7060428,47870728,12969194,-20029622,1.645,923672936320,1.658,-55795840,8522354718,1998097918,-2053893758,1.143,933517876352
881169,贵金属,0.049,511127,5698717,917087,-405960,0.539,233821158656,0.975,-13342500,1994882732,415098023,-428440523,0.86,232870744960
881170,小金属,0.085,-1990654,42375156,7250119,-9240773,0.962,896986440832,2.089,267568907,13085520927,3531210297,-3263641390,1.184,911692537984
881171,自动化设备,-0.402,17829904,203036746,81529858,-63699954,2.376,643295811584,0.836,232294589,23833612214,6867927184,-6635632595,0.96,652510966080
881172,电子化学品,0.138,3214052,19427836,9231920,-6017868,0.923,202234591744,3.52,28063481,6115898901,1369748164,-1341684683,1.048,208011286656
881173,小家电,0.31,937363,42705684,18307238,-17369875,8.083,224102719616,0.038,-79573032,2562716370,444186164,-523759196,1.348,221481637696
881174,厨卫电器,0.569,-352468,3863101,0,-352468,2.03,54456682432,0.746,17531129,638861995,84780088,-67248959,1.201,54396362624
881175,医疗服务,-0.025,5043452,33398114,9673725,-4630273,1.047,719329702912,0.876,-37196272,7265961440,1398438017,-1435634289,0.882,725275462528
881176,房地产服务,0.063,0,1594953,0,0,0.881,40516394368,1.639,-3411338,464636160,65581034,-68992372,1.01,41003713792
881177,互联网电商,-0.014,-430799,8380078,0,-430799,0.857,102159611392,1.111,-26769805,2132779280,390986172,-417755977,0.785,103858963776
881178,教育,0.026,1920831,13787857,4444044,-2523213,1.395,84161518464,2.265,34437831,2646259246,581544413,-547106582,0.845,85149625856
881179,其他社会服务,-0.136,-2713842,13289438,1668594,-4382436,1.693,149028888768,0.776,-31283844,1815215038,221258651,-252542495,0.812,150426636096
881180,石油加工贸易,0.223,-664702,13890824,4116433,-4781135,0.966,2159209894848,1.267,-95431374,2546420967,630264102,-725695476,0.693,2168645791872
881181,环保,0.109,482992,35078308,7876634,-7393642,1.308,601400832352,1.02,-193867141,6933823328,1118328361,-1312195502,0.995,606608170112
881182,美容护理,0.301,6357311,25951976,13739020,-7381709,9.014,236973325952,1.198,24520248,2753253486,528872860,-504352612,1.189,238684998464
