股票代码,板块名称,当前涨幅_0930,净额_0930,成交额_0930,主力买_0930,主力卖_0930,量比_0930,流通市值_0930,当前涨幅_1500,净额_1500,成交额_1500,主力买_1500,主力卖_1500,量比_1500,流通市值_1500
881101,种植业与林业,0.029,-322818,6205120,0,-322818,1.207,159377510528,-0.573,-73634969,1428612663,262277707,-335912676,0.999,158243973376
881102,养殖业,0.212,4046233,71829516,50654616,-46608383,5.534,387765859328,-0.609,-98954455,4538299797,1078447438,-1177401893,1.651,386653612288
881103,农产品加工,0.135,-793212,20032958,4950319,-5743531,1.536,327811278144,-0.395,-144679897,3279917530,614200769,-758880666,1.008,326752141056
881104,农业服务,-0.17,480055,4739982,480055,0,1.482,74443176704,-0.304,8123847,696125540,108253130,-100129283,0.792,74506426880
881105,煤炭开采加工,0.043,-2875596,36261019,11391885,-14267481,2.504,1342783546368,0.57,319002576,7153714515,2030010834,-1711008258,1.141,1346577175808
881106,石油矿业开采,0.075,-2070810,46710214,30028297,-32099107,2.338,1293209584128,0.334,34157678,2339483894,687175345,-653017667,1.141,1291437419392
881107,油气开采及服务,0.133,696077,15207342,3526073,-2829996,1.712,323100149760,-0.261,-181209699,3111741072,751747651,-932957350,1.086,321913591936
881108,化学原料,0.044,2492506,24147528,6381075,-3888569,2.205,514205353472,-0.375,-189475622,3840434138,755987715,-945463337,0.998,514629623936
881109,化学制品,0.092,1088023,113630312,30204049,-29116026,2.782,1761078299136,-0.512,-260762501,17302642762,3485563626,-3746326127,1.199,1757094780160
881110,化工合成材料,-0.036,6552809,81042498,25924131,-19371322,1.53,569021756352,-0.882,-525441696,11001264151,2179030550,-2704472246,1.037,566182802880
881111,化工新材料,0.139,1942921,11040873,3548687,-1605766,1.777,447501451008,-0.912,15757093,2446735484,554508685,-538751592,0.995,446937171712
881112,钢铁,0.251,-4089479,26567357,2302344,-6391823,1.195,777839709440,-0.052,-123332647,4679574936,1174513932,-1297846579,0.941,776974614784
881113,有色冶炼加工,0.158,1332655,119886066,35058570,-33725915,1.895,1863375155840,-0.08,-194767357,20592437892,5661918322,-5856685679,1.209,1862948526976
881114,金属新材料,0.313,8704156,43909722,23697017,-14992861,5.118,143078095168,-1.368,-84707865,3618330069,809463048,-894170913,1.29,140218825728
881115,建筑材料,0.086,1321758,31928309,5563589,-4241831,1.045,644470800320,0.418,400183851,10155689756,2382119084,-1981935233,1.255,649317479232
881116,建筑装饰,0.139,41631958,204345893,112766522,-71134564,2.963,1364019960576,-0.065,-235408973,21001106529,5591980479,-5827389452,1.292,1366042067968
881117,通用设备,0.109,-16195714,322691731,115076298,-131272012,5.001,684385912384,-1.779,-2063980201,27325090329,5651097153,-7715077354,1.463,672307437056
881118,专用设备,0.091,9808946,172581700,60345540,-50536594,2.041,1159284411264,-1.363,-956713534,20915123904,4000397327,-4957110861,1.074,1146737758656
881119,仪器仪表,-0.095,2357353,30531238,8055425,-5698072,2.491,150392318784,-1.435,-128545209,4156675220,693865609,-822410818,1.233,148272707776
881120,电力设备,0.138,-105704826,520642496,182068834,-287773660,2.077,4417855863040,-1.166,-2688080729,56469097586,12940131432,-15628212161,1.089,4370434705728
881121,半导体及元件,-0.044,4819406,430156799,187162006,-182342600,2.702,2835714202944,-2.016,-3396793906,55149031437,12682230386,-16079024292,1.188,2796696800256
881122,光学光电子,-0.19,9451146,171452729,58626034,-49174888,1.115,893475588032,-1.87,-2044768666,26049949501,5754311599,-7799080265,0.906,881096496640
881123,其他电子,-0.29,31211321,144187386,78961349,-47750028,3.564,168892470656,-1.891,-624274361,11100163250,2464583459,-3088857820,1.145,166633451392
881124,消费电子,0.15,4838019,195030714,75217323,-70379304,1.287,1321978225792,-1.232,-1800488046,29017527357,6685795327,-8486283373,1.016,1304787761984
881125,汽车整车,-0.112,15677515,162070603,84454135,-68776620,1.665,1223600330752,-0.756,-732303728,20019735894,6648186279,-7380490007,0.91,1218106745088
881126,汽车零部件,-0.098,-51754232,660239508,237051013,-288805245,5.339,1492560516928,-0.744,-1596642508,45995749692,9279707477,-10876349985,1.045,1481649899072
881127,非汽车交运,0.1,4024996,24990758,5487202,-1462206,1.609,347230130688,-0.727,-222479200,4363100206,751985117,-974464317,1.077,345048952000
881128,汽车服务,-0.066,1447996,10739194,3107748,-1659752,1.669,78835113600,-1.202,-122578638,1301526263,276783668,-399362306,1.06,77876353664
881129,通信设备,0.197,7907474,286072210,168972252,-161064778,2.99,808059446400,-1.018,-853977005,33470761020,9736542456,-10590519461,1.217,798331176384
881130,计算机设备,0.155,21075804,239861882,119879788,-98803984,1.827,909237567488,-1.728,-2289861450,27020217538,6581567491,-8871428941,0.937,896414689408
881131,白色家电,-0.09,-1985341,42428162,7619234,-9604575,1.276,931898839616,-0.969,-537540630,7433244170,1630277013,-2167817643,1.008,926153559872
881132,黑色家电,0.003,-3128145,33241070,12496586,-15624731,1.67,131727793920,-0.747,-171992256,4076433450,1102528315,-1274520571,0.792,129859835776
881133,饮料制造,0.253,60752898,212133877,164235679,-103482781,2.339,4378911790208,0.938,742219951,19045659173,6951856318,-6209636367,1.489,4410116169728
881134,食品加工制造,0.17,3549112,34419246,7956539,-4407427,1.273,981848988672,0.329,-158201843,7996868170,1523537147,-1681738990,1.094,982305559040
881135,纺织制造,0.073,-1393580,14808953,1079426,-2473006,2.061,125135809600,0.199,6337840,2426272730,425060189,-418722349,1.372,125342921280
881136,服装家纺,0.01,-898234,23856545,1364111,-2262345,2.686,262806768224,0.467,37772125,4663836917,924011902,-886239777,1.426,263174499968
881137,造纸,0.085,-1160544,12475349,1383570,-2544114,1.581,152643939840,0.977,40990044,3285038677,892186507,-851196463,1.778,153331375616
881138,包装印刷,-0.019,-1456053,48233613,12743454,-14199507,2.45,187192671040,0.024,-152430298,5053364789,984001587,-1136431885,1.131,186713446144
881139,家用轻工,0.214,10041035,240950828,112938667,-102897632,9.415,535000361664,0.922,258406892,9065733450,2082414383,-1824007491,1.494,539581382080
881140,化学制药,-0.024,7872583,127330438,38190561,-30317978,1.616,1524226208320,-0.048,-23280348,22016631129,4796840887,-4820121235,1.066,1526069279808
881141,中药,-0.07,-6775671,68380368,8528622,-15304293,1.559,994847341888,-0.269,-173323311,12628156570,2623832996,-2797156307,1.288,994884287488
881142,生物制品,0.147,-1908471,27496930,4724924,-6633395,1.011,792527467968,0.053,4403544,8569101313,2049334983,-2044931439,1.204,792690510976
881143,医药商业,0.156,-951830,39926158,17629797,-18581627,1.706,300291718336,-0.035,-108745935,4810321718,1152322087,-1261068022,1.068,299151435392
881144,医疗器械,0.042,-342121,32628434,4045781,-4387902,1.156,1231797340608,-0.222,-44629656,11197366862,2083113551,-2127743207,1.276,1229256657664
881145,电力,0.064,-1502258,51206385,13461121,-14963379,1.201,2235728769856,-0.355,-306203339,9689601025,2630166795,-2936370134,0.96,2230829959552
881146,燃气,-0.141,-8002007,26532435,6063781,-14065788,10.033,188212649728,0.407,67595373,2873424653,888665201,-821069828,1.326,188879631808
881147,环保工程,0.101,1859901,24824787,5092434,-3232533,1.431,413698438464,-0.406,-162795361,4899830396,897559948,-1060355309,1.234,411987184256
881148,港口航运,0.026,378931,15042035,1495019,-1116088,1.178,716775653184,0.188,7168661,3640271835,937760374,-930591713,1.069,720192721920
881149,公路铁路运输,0.159,440747,16679934,3149746,-2708999,1.607,670963258112,0.665,-7758957,3414156275,920353864,-928112821,1.349,676550066176
881150,公交,0.443,326781,3839084,326781,0,2.046,31539545856,0.423,7367431,517786199,102476291,-95108860,1.399,31471555072
881151,机场航运,0.298,-756057,10685178,1074297,-1830354,1.37,531032340992,-0.344,-93809806,2234845597,530857528,-624667334,1.064,528289881088
881152,物流,-0.068,-325197,23089150,3436436,-3761633,1.045,590613873216,-0.163,-25178088,5933009686,1141121867,-1166299955,1.157,590831189632
881153,房地产开发,0.546,33788755,209969722,115091108,-81302353,4.214,1113096978432,2.483,1139507045,23175287587,7726946361,-6587439316,2.356,1128385534720
881154,园区开发,0.988,2096553,61798076,39825613,-37729060,12.73,141144067840,1.378,-188159781,2809965739,685620833,-873780614,1.145,140859650048
881155,银行,0.132,6675331,74040850,35397485,-28722154,1.735,6734302481920,0.32,-195673618,11994200667,4715584383,-4911258001,1.176,6736152533248
881156,保险及其他,0.171,10629717,53110642,26053526,-15423809,1.958,2022964263040,0.856,270666683,8535661163,2619675451,-2349008768,1.178,2030235577856
881157,证券,0.283,2701418,141047813,53929361,-51227943,1.078,2512742903808,-0.399,-1027191984,31162066521,10842893332,-11870085316,1.002,2501107181056
881158,零售,0.167,9079512,124979990,48115265,-39035753,3.904,667346153984,1.717,485261478,14007366568,3793692821,-3308431343,1.419,671403062400
881159,贸易,0.062,900311,4430499,900311,0,1.243,87909191424,0.14,-17546734,1130390342,249541242,-267087976,1.114,87887700224
881160,景点及旅游,0.068,909680,5322671,1221755,-312075,0.854,106070468096,0.161,-53424270,1432024925,212935253,-266359523,0.98,105926308480
881161,酒店及餐饮,0.232,0,4643393,0,0,0.984,77787834368,0.805,12175614,1299106602,251900191,-239724577,1.413,78102757248
881162,通信服务,0.034,5228996,125290242,49498461,-44269465,1.771,538619565504,-0.798,-797348778,17215412866,4321656720,-5119005498,1.204,534108245184
881163,计算机应用,0.24,36143866,868783281,387856327,-351712461,4.242,2435505073536,-1.502,-5656160186,80662240768,18835035662,-24491195848,1.028,2394924611840
881164,传媒,0.105,103542444,684296166,380843927,-277301483,3.015,1352359915648,1.813,1915378666,71892527465,21765404859,-19850026193,1.433,1364091645312
881165,综合,-0.143,-1013574,44403428,20661977,-21675551,4.747,211987557696,-0.397,-63176535,2823498854,608893227,-672069762,1.478,211467698880
881166,国防军工,-0.09,-11662471,155536995,41895211,-53557682,1.298,1950877324320,-1.664,-2182111419,27453106776,5416012504,-7598123923,0.913,1923874592736
881167,非金属材料,-0.372,-1485706,57290207,36646749,-38132455,11.105,88225412544,-0.793,-71727473,2553241224,651701994,-723429467,1.724,86868686080
881168,工业金属,0.05,-167236,70969820,20984509,-21151745,1.695,956038221568,-0.008,93636297,11105094825,3144561938,-3050925641,1.242,960985507072
881169,贵金属,0.13,90551,9316837,2314288,-2223737,1.053,237924115712,0.166,26080881,2188354698,558509930,-532429049,0.912,239032617472
881170,小金属,0.209,-1616297,52185562,9873431,-11489728,1.507,805291452672,-0.208,-463623186,10451370394,2541442726,-3005065912,1.13,798339206784
881171,自动化设备,0.12,7055522,153439033,67220175,-60164653,2.343,630159485248,-1.582,-438045659,17631204913,4614219561,-5052265220,1.266,622532208384
881172,电子化学品,-0.177,12130084,195923524,72027482,-59897398,5.589,248264214272,-2.854,-1190973474,12837994636,2475828018,-3666801492,1.328,243082403648
881173,小家电,0.089,2818102,34938610,11075165,-8257063,4.585,208221225024,-0.256,-80839632,2530681277,393829751,-474669383,1.367,208064715904
881174,厨卫电器,0.186,566399,2253998,566399,0,0.899,55124326144,0.084,5224039,680732916,113158644,-107934605,1.149,55223818496
881175,医疗服务,0.445,-1996355,106474698,33290157,-35286512,4.556,854095497920,0.66,-37839708,12026944789,2740123489,-2777963197,1.593,852029886528
881176,房地产服务,0.223,261214,4651394,668845,-407631,1.604,37752759552,2.986,86655501,1486330993,359409762,-272754261,1.9,38645079296
881177,互联网电商,-0.076,1405748,19633120,6293345,-4887597,1.49,112801194176,0.326,-82023916,3666492040,699034096,-781058012,1.04,112619998912
881178,教育,0.886,25009268,81237804,52163313,-27154045,2.511,84462080256,1.049,143890510,6010919510,2060536480,-1916645970,1.134,84894299392
881179,其他社会服务,0.088,654671,12910555,2913157,-2258486,1.357,145865194432,-0.298,-26476915,2687128841,472432501,-498909416,0.957,144917002944
881180,石油加工贸易,0.267,-5894946,46789603,10033482,-15928428,2.08,2038667625024,-0.394,-203080587,4129312018,979374584,-1182455171,1.14,2035012495232
881181,环保,0.085,1671207,37875349,5492418,-3821211,1.531,622945875424,-0.481,-276706769,8135160594,1412083073,-1688789842,1.233,620579283360
881182,美容护理,0.034,264312,18894551,4057654,-3793342,1.946,237898447296,-0.021,5143887,2777957684,469389645,-464245758,1.208,236962637696
