股票代码,板块名称,当前涨幅_0930,净额_0930,成交额_0930,主力买_0930,主力卖_0930,量比_0930,流通市值_0930,当前涨幅_1500,净额_1500,成交额_1500,主力买_1500,主力卖_1500,量比_1500,流通市值_1500
881101,种植业与林业,-0.144,121236,24351525,5268115,-5146879,2.519,144693524794,1.113,-10143689,2945101142,653070538,-663214227,1.056,146906659982
881102,养殖业,-0.165,-4639726,62992366,18255479,-22895205,5.304,396885278815,4.1,229312474,7971114322,2427387719,-2198075245,1.487,412514303561
881103,农产品加工,0.074,182477,46747239,10671115,-10488638,2.985,299048642169,1.681,143444219,6722084100,1647216324,-1503772105,1.712,304527018541
881104,农业服务,0.002,2627411,21657000,8653444,-6026033,15.476,65479631046,1.831,33943458,1142996281,210847241,-176903783,1.53,66912333837
881105,煤炭开采加工,-0.712,-10919679,93798727,27287538,-38207217,2.571,1612644226522,-0.715,-443526446,10860921384,2606933572,-3050460018,0.973,1619444900264
881106,石油矿业开采,-0.033,-3166400,20153346,3590353,-6756753,1.382,1611256902737,-0.413,-139550180,2457055823,732563795,-872113975,0.698,1625332803301
881107,油气开采及服务,-0.144,676492,22129454,6293053,-5616561,1.182,357387790463,-0.108,-217853315,3879299647,1081626812,-1299480127,0.718,356437342404
881108,化学原料,0.141,-7430255,31691731,5228149,-12658404,1.484,486900322353,0.321,-23017952,4262221534,829108831,-852126783,1.037,485064941655
881109,化学制品,0.09,-6919131,179845379,48723253,-55642384,3.263,1699356485745,-0.037,-275754829,21627672929,4508506206,-4784261035,1.128,1688698048764
881110,化工合成材料,0.174,-9371283,149035004,46959068,-56330351,3.052,516143178147,0.236,-448277860,12047136552,2215510860,-2663788720,1.213,513326176018
881111,化工新材料,0.52,-21649721,54595065,14519234,-36168955,14.385,408199374764,-0.582,-185759360,2684020560,461306626,-647065986,1.706,403076859305
881112,钢铁,-0.129,-4539420,32368263,3351658,-7891078,1.268,770042054473,-0.016,-159728862,5484402785,1404209033,-1563937895,0.718,768122832307
881113,有色冶炼加工,1.205,70759547,515521894,275668572,-204909025,3.671,2069959415244,0.677,8415481,33312009734,10580507600,-10572092119,0.896,2056309947007
881114,金属新材料,0.544,-1202618,53925120,23955605,-25158223,12.568,132190168480,0.406,96986482,3451710910,941668056,-844681574,1.583,132629256015
881115,建筑材料,0.253,-20713064,92781031,21553941,-42267005,4.52,580088183630,-0.108,-124233050,8739882040,1647374168,-1771607218,1.309,574767775786
881116,建筑装饰,0.173,35339777,236316574,119443492,-84103715,2.192,1395968058946,0.072,-1121695487,20123629086,5122352502,-6244047989,0.867,1391764578037
881117,通用设备,0.148,-27682754,209300823,48687053,-76369807,2.24,641697036638,0.508,-341551398,24764432725,4724340587,-5065891985,1.136,644558189166
881118,专用设备,-0.061,-3611378,211727396,50716406,-54327784,2.169,1174327677451,0.202,-520020737,28814003023,5521751045,-6041771782,1.086,1170905718976
881119,仪器仪表,0.265,-22958326,186483293,121739002,-144697328,8.772,139815702156,0.641,-242076466,5446790325,1324782109,-1566858575,1.285,139928541513
881120,电力设备,-0.024,-45256912,646341437,243621796,-288878708,2.286,4322557493376,-0.476,-3103432728,72917078547,16013422350,-19116855078,1.029,4287913993472
881121,半导体及元件,0.481,50100282,561706351,289564002,-239463720,1.903,2637227452452,-0.414,-699449352,56577136644,14883035896,-15582485248,1.002,2609510792317
881122,光学光电子,-0.043,-3021325,181743390,57355429,-60376754,1.573,841858070547,-0.453,-934694782,21372225215,5060238594,-5994933376,0.92,836485962774
881123,其他电子,0.326,-1704805,105249531,38899719,-40604524,3.065,155028408679,0.775,-65348107,9025461931,2374023094,-2439371201,1.246,155483982612
881124,消费电子,-0.049,-70491506,429112056,159871201,-230362707,3.071,1478532504689,-0.336,-1284274382,35769056573,9567134928,-10851409310,0.98,1468008377197
881125,汽车整车,0.438,-12303736,251788945,120066554,-132370290,2.578,1241376318852,0.946,65803738,25185520040,9434037316,-9368233578,0.973,1244265754577
881126,汽车零部件,0.054,7840812,321551313,108219524,-100378712,2.026,1458629542138,0.442,-814930267,38174076433,8087399107,-8902329374,0.971,1456611067079
881127,非汽车交运,0.182,1332274,44787760,13370986,-12038712,1.391,382302411214,-0.237,-335889539,5411943673,993588565,-1329478104,0.838,380922005037
881128,汽车服务,-0.319,2464448,14207889,4360416,-1895968,1.707,68368306481,-0.316,-54019300,1564958649,359341806,-413361106,0.809,68834277307
881129,通信设备,-0.325,-14620470,395109896,154810591,-169431061,1.935,895211402149,-0.245,-1363239318,40882840211,11831075707,-13194315025,0.918,893358700675
881130,计算机设备,0.061,-8184424,249426764,97041095,-105225519,2.535,882194776491,0.022,-1367710251,25775053590,6525761790,-7893472041,1.08,876749207113
881131,白色家电,-0.015,-4280626,38304387,7681616,-11962242,2.324,1010652137296,-0.231,-237912349,7928808877,2044646289,-2282558638,1.002,995256745904
881132,黑色家电,0.042,5076190,54836565,16133690,-11057500,1.794,131141919116,-0.935,-352796117,5122627900,1275614100,-1628410217,0.781,129565174621
881133,饮料制造,0.01,4284090,96386248,51190299,-46906209,1.249,4209128557902,0.2,161056054,13813252568,4382863771,-4221807717,0.838,4212711745416
881134,食品加工制造,0.171,364755,36818027,5793049,-5428294,1.287,947913124217,0.794,-35469893,7759881461,1419059825,-1454529718,1.033,946859019553
881135,纺织制造,0.195,-653696,10142059,1197378,-1851074,1.489,116793656400,1.117,44337143,2298664442,471789412,-427452269,1.235,117299995734
881136,服装家纺,0.263,4097122,26548397,6671199,-2574077,1.358,259334279402,-0.068,-346169961,4803011740,905993234,-1252163195,0.988,257456553727
881137,造纸,0.314,-98942,20358689,5776909,-5875851,2.445,149478751379,0.045,-16564990,2065452482,405634608,-422199598,1.052,148963771674
881138,包装印刷,0.718,13326891,103070778,67119547,-53792656,4.522,167142211520,1.053,23555478,5088428290,1147672875,-1124117397,0.952,167385281024
881139,家用轻工,0.236,1802302,89410260,26368193,-24565891,3.285,537719542426,0.1,-47522090,7338662072,1089373055,-1136895145,0.999,533828790405
881140,化学制药,-0.04,-6876295,98438498,14239162,-21115457,1.362,1431963578368,-0.733,-317226688,16931899330,3510916475,-3828143163,0.801,1423757975920
881141,中药,-0.036,-4909929,85594738,18781336,-23691265,4.584,954488745269,-0.489,-476542192,9564786760,1603473249,-2080015441,0.99,948284961276
881142,生物制品,-0.08,-2866240,34368118,7120763,-9987003,0.874,747528342601,-1.461,-342206319,7039326405,1440444911,-1782651230,0.739,741655719847
881143,医药商业,-0.024,-4886908,79216069,22078627,-26965535,3.707,289256096479,-0.426,-508992621,5980602561,1297506409,-1806499030,1.147,289082855932
881144,医疗器械,0.061,-70189208,271679324,106363820,-176553028,4.478,1218144230038,-0.833,-762891961,14013683478,2965202454,-3728094415,1.124,1201795774167
881145,电力,0.144,-23473796,120875045,34653677,-58127473,1.926,2508844236504,-0.275,-613459966,13188857858,3322188593,-3935648559,0.784,2499214894592
881146,燃气,0.16,-654073,5385315,0,-654073,1.576,190356023066,0.143,-55529348,1132925872,145410421,-200939769,0.899,189609304016
881147,环保工程,-0.065,-535980,50716337,7226389,-7762369,1.831,368320891681,-0.146,-253112056,6305157130,1037262375,-1290374431,0.932,367250440406
881148,港口航运,0.082,2171989,27977043,9955280,-7783291,1.629,771178483937,0.107,-26705468,4068583740,1026366994,-1053072462,0.857,770672658368
881149,公路铁路运输,0.219,430950,15914768,3205895,-2774945,1.214,727864763686,0.19,-106691059,3015845806,742337597,-849028656,0.869,727374277151
881150,公交,0.151,0,2658706,0,0,1.259,28727761895,1.178,4892239,658788588,118846581,-113954342,1.093,28996364589
881151,机场航运,-0.1,-2919412,20047528,4862863,-7782275,1.214,502492710470,-0.428,-161432493,3255945866,844081958,-1005514451,0.726,499882761526
881152,物流,0.0,-219967,26320226,3138541,-3358508,1.378,587798653270,-0.021,-56265446,4183731704,679528089,-735793535,0.894,583342167304
881153,房地产开发,0.046,-1647330,70997658,22219602,-23866932,1.592,947955004490,0.526,135744533,11419833126,3186261414,-3050516881,1.072,953474231949
881154,园区开发,-0.053,-1080916,20180406,7746219,-8827135,1.796,131907911473,0.221,-148524910,1830246581,349824015,-498348925,0.902,131737086966
881155,银行,-0.018,59163,83232778,36731139,-36671976,1.411,7291524316350,0.631,145544740,14587043470,6331078382,-6185533642,0.982,7330400495562
881156,保险及其他,0.055,59729,39498086,9796422,-9736693,1.344,1920802481228,0.216,116494677,7380711324,2039332219,-1922837542,0.878,1915904671755
881157,证券,0.253,8877981,146744720,58630321,-49752340,1.509,2423947550924,0.514,1037474793,27409399401,10295478346,-9258003553,1.127,2429598559657
881158,零售,-0.036,-1151049,53410348,9904619,-11055668,1.831,615556283798,0.721,-387228382,8377378201,1953206216,-2340434598,1.109,615446227748
881159,贸易,0.451,3286715,9720793,3730973,-444258,1.416,83616035665,0.519,-69043454,1373330358,215788101,-284831555,1.022,83425525586
881160,景点及旅游,0.122,-3399557,19534607,2638253,-6037810,1.83,113959828552,2.242,92292688,3642788660,685044528,-592751840,1.18,115646483178
881161,酒店及餐饮,0.027,-914640,3864972,0,-914640,1.01,70422097375,2.189,58473069,1716657655,308537579,-250064510,1.443,71829820253
881162,通信服务,0.52,-19266166,328584403,178827778,-198093944,4.336,537796314600,-0.227,-1376805164,16524858573,4774440879,-6151246043,1.101,535742869075
881163,计算机应用,0.441,-13794745,886672331,379882536,-393677281,2.324,2124977309326,0.217,-1935522904,93900046909,25184228808,-27119751712,1.142,2109239101254
881164,传媒,1.875,92325055,1464621037,777703769,-685378714,5.785,1363095713489,1.791,-1992476265,86434928722,24874449867,-26866926132,1.516,1355784084215
881165,综合,0.211,4389352,65633962,25562813,-21173461,4.902,215323582873,0.92,-26173137,3680107891,1166465332,-1192638469,1.321,214884460369
881166,国防军工,-0.015,16886962,235123817,82444623,-65557661,1.87,1801707031372,1.21,-225890810,37556509148,9291536001,-9517426811,1.158,1804183331882
881167,非金属材料,0.669,2998966,15112637,9084271,-6085305,2.238,80921371110,-0.568,-9609928,1249310694,304802115,-314412043,0.932,79838242756
881168,工业金属,0.961,35987692,315415807,168293924,-132306232,3.142,1113715500920,0.639,-158797571,19268411119,6139535129,-6298332700,0.843,1108416274810
881169,贵金属,3.778,36026774,134128632,79384038,-43357264,8.319,277745845923,3.305,309126921,5058467240,1611442358,-1302315437,1.508,274295826227
881170,小金属,0.572,4632199,81737025,28061818,-23429619,1.597,815184057934,-0.673,-611328477,11384406493,2685876268,-3297204745,0.706,805834760984
881171,自动化设备,0.059,-2305869,228880733,86047113,-88352982,1.827,652373224976,-0.906,-1140555256,20068537243,4798933334,-5939488590,0.846,643192678231
881172,电子化学品,0.202,13219145,93689400,49236959,-36017814,3.802,204211623203,-0.803,-373865922,6772594779,1347017484,-1720883406,0.932,201371769362
881173,小家电,0.076,0,6676098,0,0,0.898,204054014644,-1.006,-42545639,2153289640,308211687,-350757326,0.885,200704593462
881174,厨卫电器,0.271,0,1657706,0,0,1.133,57944262353,-0.646,-16601819,528876215,49626762,-66228581,0.994,57213314989
881175,医疗服务,-0.057,-18806649,195010630,58385108,-77191757,2.805,619203858106,-1.057,-1092773353,17253421996,4236209226,-5328982579,0.966,611382891472
881176,房地产服务,-0.06,0,2994331,0,0,0.642,31895096355,2.933,150420803,1017390059,346824065,-196403262,0.893,32662671835
881177,互联网电商,0.315,-757147,13967718,703200,-1460347,1.469,90356499728,-0.731,-90471128,2398913108,370603643,-461074771,1.078,89712968596
881178,教育,0.219,17727783,80624869,41788622,-24060839,5.595,78895766691,0.552,-36124242,4723938076,1032187695,-1068311937,1.074,78849798566
881179,其他社会服务,0.034,5149418,59970573,22191414,-17041996,3.557,133955400815,0.384,31951635,4423818328,802442740,-770491105,1.313,134425909253
881180,石油加工贸易,0.019,-8398682,55529696,15347488,-23746170,4.234,2397025114100,0.089,-192464211,4414739140,1130310811,-1322775022,1.186,2410626002947
881181,环保,-0.008,-1398381,72696747,11380371,-12778752,1.702,592309162084,-0.133,-460134431,10062401341,1579254615,-2039389046,0.929,591355058193
881182,美容护理,0.455,-10294799,43997522,10233859,-20528658,4.293,223139744879,-0.54,-236409051,3112769120,500013996,-736423047,1.143,219723730869
