股票代码,板块名称,当前涨幅_0930,净额_0930,成交额_0930,主力买_0930,主力卖_0930,量比_0930,流通市值_0930,当前涨幅_1500,净额_1500,成交额_1500,主力买_1500,主力卖_1500,量比_1500,流通市值_1500
881101,种植业与林业,-0.277,101559,9820389,1091200,-989641,0.999,135182373007,0.598,49274764,1907720151,363747454,-314472690,1.123,135494241578
881102,养殖业,-0.382,3831563,29586142,11799021,-7967458,5.88,410042696753,1.907,230074757,7566842807,2451374129,-2221299372,1.67,425490164396
881103,农产品加工,-0.014,62381430,227149688,138222297,-75840867,20.138,307460919683,0.586,247280485,5764101094,1659019034,-1411738549,1.282,309168604724
881104,农业服务,-0.367,557503,6445222,1625280,-1067777,2.001,64805431503,1.684,13853301,1487823241,271146318,-257293017,1.391,66191250233
881105,煤炭开采加工,0.005,15771172,47033346,26603676,-10832504,0.854,1682669717148,1.357,350036608,12817462559,3661335690,-3311299082,1.046,1728493490238
881106,石油矿业开采,-0.636,-1177144,24422500,8271117,-9448261,2.1,1777351082998,-1.354,-19197258,3598371054,1279663946,-1298861204,0.68,1785798364991
881107,油气开采及服务,-0.755,-4628001,24940407,5686181,-10314182,2.137,374459323179,-1.828,-198278398,4024818444,1057817234,-1256095632,0.755,373355239402
881108,化学原料,-0.56,-7089052,88133266,16940860,-24029912,2.436,569880144656,-1.552,-154654437,8905206916,1639708618,-1794363055,0.933,565872103942
881109,化学制品,-0.157,102281781,831068721,463177486,-360895705,5.139,1869164884538,-0.562,-770849374,42203571815,9455690882,-10226540256,1.045,1852197891650
881110,化工合成材料,-0.277,-10248600,151051299,36866313,-47114913,2.499,535527798518,-1.315,-301450670,12790983414,2161957472,-2463408142,0.927,528992947305
881111,化工新材料,-0.605,-1028556,21336887,4035956,-5064512,1.751,477601528188,-2.264,-115363489,3166919194,567838526,-683202015,0.799,470612583610
881112,钢铁,-0.207,1719404,23935403,4164866,-2445462,0.818,776868724964,-1.204,-138214608,5933280790,1434539367,-1572753975,0.773,770633330048
881113,有色冶炼加工,-0.697,-26364826,236149807,60306392,-86671218,1.314,2182778986030,-0.984,-324899428,34204214639,9451786314,-9776685742,0.744,2186577267603
881114,金属新材料,-0.271,1935615,18003602,5728438,-3792823,1.347,129734278803,-1.405,-77973350,2420837979,365815647,-443788997,0.765,127946471262
881115,建筑材料,-0.243,-2256617,47237343,6649170,-8905787,1.585,581452878903,-1.728,-188611918,7829548836,1434614955,-1623226873,0.853,573188050050
881116,建筑装饰,-0.408,1559424,126056932,31099348,-29539924,1.097,1392103744967,-2.013,-544656989,17703843584,3907178630,-4451835619,0.685,1377972468124
881117,通用设备,-0.224,-8611870,229289969,79533081,-88144951,4.499,642640601937,-1.624,-580791781,17927357283,3268834943,-3849626724,0.984,634594716944
881118,专用设备,-0.177,-7750784,163117745,30006889,-37757673,2.344,1260888417633,-1.524,-732861591,22365110268,3710831878,-4443693469,0.885,1245542629867
881119,仪器仪表,-0.047,645231,15718191,2017731,-1372500,1.241,128222438750,-2.132,-93994706,2288565493,237107452,-331102158,0.755,125372675392
881120,电力设备,-0.321,-10247221,325663558,75821713,-86068934,1.423,4276266285697,-1.678,-2429749429,57745915592,10906773223,-13336522652,0.732,4212980726439
881121,半导体及元件,-0.148,-6823562,189233808,47573721,-54397283,0.963,2567576493650,-1.847,-1133815540,36644912783,7475411440,-8609226980,0.735,2532003487658
881122,光学光电子,-0.145,-2984039,91350291,27659370,-30643409,2.011,804281231741,-1.988,-700511969,13342510718,3135865093,-3836377062,0.831,794007172584
881123,其他电子,-0.404,-909884,67443682,28559467,-29469351,1.874,157961219723,-1.722,-140519393,6035197672,1385074169,-1525593562,0.76,156400407625
881124,消费电子,-0.291,-8867013,115167717,30794387,-39661400,1.143,1426052220396,-1.825,-696099944,19826663209,4729750347,-5425850291,0.828,1406888628482
881125,汽车整车,-0.652,17468179,197245614,127111335,-109643156,2.218,1200160152014,-1.598,-15101382,17618163229,6167912071,-6183013453,0.769,1193557314323
881126,汽车零部件,-0.23,-45498789,301211372,82717944,-128216733,1.699,1527285643431,-1.693,-927700971,32714038779,6513208651,-7440909622,0.825,1505512337365
881127,非汽车交运,-0.502,-1672974,21567770,1143917,-2816891,0.766,410895994578,-1.244,-143797545,4717026580,865642347,-1009439892,0.633,409607974443
881128,汽车服务,-0.065,-408170,2299730,0,-408170,0.459,64700909243,-2.221,-65784334,695650294,88112751,-153897085,0.612,63130476646
881129,通信设备,-0.718,-5104637,235260794,97056490,-102161127,1.61,859636256611,-2.452,-959320006,25223100831,6188176248,-7147496254,0.734,851371072866
881130,计算机设备,-0.462,1687399,102032655,31896096,-30208697,1.525,816305022272,-2.33,-906295860,14914576355,3295322300,-4201618160,0.746,799410750870
881131,白色家电,-0.367,-254502,73769837,29192288,-29446790,1.41,1151317032197,-0.972,-47682719,8133484078,1898037930,-1945720649,0.753,1148015099152
881132,黑色家电,-0.473,-1472300,11348141,1701000,-3173300,0.613,128664998521,-1.843,23274700,2774315136,638784833,-615510133,0.813,128226889685
881133,饮料制造,-0.336,9214149,84650365,31551847,-22337698,1.251,4338608948252,-1.3,-730666838,14056007273,3579616491,-4310283329,0.708,4310755011416
881134,食品加工制造,-0.372,337267,55509124,8242204,-7904937,1.647,945697641894,-1.014,89589586,9130828671,1883438281,-1793848695,0.805,940931551238
881135,纺织制造,-0.432,-1727550,15719931,1305150,-3032700,1.428,188992637299,-1.25,-88092855,1555870048,147984397,-236077252,0.662,188983548767
881136,服装家纺,-0.354,197097,18699671,1634883,-1437786,1.222,264745398477,-1.713,-77503358,3009892120,344593828,-422097186,0.681,261965304099
881137,造纸,0.012,-300160,7100314,0,-300160,0.725,155722343914,-1.034,-45917700,1779526598,303349528,-349267228,0.716,155167943374
881138,包装印刷,-0.251,388383,17494514,4627843,-4239460,1.055,162127034903,-1.375,-44574101,3223277381,522762517,-567336618,0.676,160106844410
881139,家用轻工,-0.114,-2886817,49130285,6618422,-9505239,2.301,552561619899,-1.122,-185113510,7673658571,1026654978,-1211768488,0.951,546309648628
881140,化学制药,-0.324,16955825,335769691,124052181,-107096356,3.682,1517445776634,0.899,10817449,33595706509,7741815629,-7730998180,1.295,1515331248476
881141,中药,-0.187,-1500099,68933588,17648119,-19148218,1.51,991678289992,-0.153,-208223322,10797201515,2219968185,-2428191507,0.935,986614033616
881142,生物制品,0.527,8278587,111125176,37715025,-29436438,4.576,734809724447,1.389,216446100,11316941787,2437924295,-2221478195,1.157,732313591803
881143,医药商业,-0.145,-4459729,18423652,3098032,-7557761,1.587,307091867059,-0.236,3468800,3367704793,529297759,-525828959,0.999,305515971538
881144,医疗器械,0.414,31553189,185759756,86270361,-54717172,5.295,1247488851737,0.667,424997063,16168394795,3682326483,-3257329420,1.379,1238795587984
881145,电力,-0.088,-2648692,85710302,17269978,-19918670,0.989,2603686368917,0.408,189998801,19763777850,5048049692,-4858050891,0.911,2600871407742
881146,燃气,-0.19,-484242,9217559,0,-484242,1.143,190749979782,-0.444,-19867834,1550261195,198145814,-218013648,0.781,190189158401
881147,环保工程,-0.236,6175005,64520454,12780141,-6605136,7.706,372767555185,-1.241,-76540288,5147547820,786791537,-863331825,0.92,369505784230
881148,港口航运,-0.013,3619112,23600552,8027490,-4408378,0.856,834509575952,-0.421,121015381,5216780830,1471002589,-1349987208,0.842,837680414913
881149,公路铁路运输,-0.015,1747628,40073560,13284016,-11536388,2.027,733626769937,-0.125,75734557,4596440895,1433286135,-1357551578,0.727,734386412002
881150,公交,0.577,1604499,10416584,3410187,-1805688,11.488,27229635730,0.458,88801695,654176126,217446591,-128644896,2.064,27240114046
881151,机场航运,-0.642,3611540,67364324,23692860,-20081320,1.489,502774385563,-1.426,-113240417,5115142722,1369802166,-1483042583,0.553,499473908042
881152,物流,-0.15,895892,12424161,1215992,-320100,0.503,587314059046,-0.775,39467917,4594936407,941614525,-902146608,0.719,582745101457
881153,房地产开发,-0.979,-16346934,212189014,65723546,-82070480,3.959,918119283374,-2.815,-796193802,13032956351,3129960099,-3926153901,0.696,899001059123
881154,园区开发,-0.256,0,3248020,0,0,0.571,129960677138,-1.283,-45894706,1364238947,254538224,-300432930,0.79,128695180314
881155,银行,-0.118,-1006956,79674742,29887793,-30894749,0.749,7717483179021,-0.105,-118311956,17529772140,7411477281,-7529789237,0.674,7745513431526
881156,保险及其他,-0.31,-2192516,64557207,21274750,-23467266,1.468,2014725931357,-1.892,-709524136,7957675593,1856527982,-2566052118,0.718,1986495175622
881157,证券,-0.37,15004079,145081664,65258930,-50254851,0.716,2338083496530,-1.515,-1722780175,18537713183,5154167983,-6876948158,0.445,2312908640588
881158,零售,-0.27,1147889,50930879,16059919,-14912030,2.408,577734691818,-1.296,-290489062,6735512435,1532092023,-1822581085,0.982,568228339443
881159,贸易,-0.216,378123,4421981,753853,-375730,1.166,71670022395,-1.078,4029705,1183460057,267951002,-263921297,0.728,70898558016
881160,景点及旅游,-0.271,-363119,10075801,0,-363119,0.574,115830777395,-1.629,-85709965,2758472955,507521051,-593231016,0.69,114105509490
881161,酒店及餐饮,-0.013,-304980,4555707,0,-304980,0.62,71790121215,-2.061,-97285609,1337452077,191252792,-288538401,0.628,70453241890
881162,通信服务,-0.224,5138768,69197678,22073473,-16934705,3.577,517741157352,-1.996,-461748033,8110157398,1784866085,-2246614118,0.7,514347791805
881163,计算机应用,-0.654,6887169,469410355,182034443,-175147274,4.044,1876548027549,-2.942,-3898269718,43422963475,7734140093,-11632409811,0.867,1834427973210
881164,传媒,-0.702,-25731559,291421400,70871584,-96603143,2.396,1185182973036,-3.021,-2640235476,31319874692,6272253903,-8912489379,0.849,1158327154857
881165,综合,-0.442,880556,15039209,3979133,-3098577,2.257,198630747476,-0.526,80524441,1929854596,506895083,-426370642,0.928,197433966855
881166,国防军工,-0.31,-45711490,562899990,200567841,-246279331,3.124,1798517111189,-1.599,-2041914441,39619468743,8713333971,-10755248412,0.924,1784213563471
881167,非金属材料,0.009,1508979,15215411,3943993,-2435014,2.025,79197908026,-0.781,8964955,1717935233,363796965,-354832010,0.972,78622181491
881168,工业金属,-0.592,-4743424,143017101,44400416,-49143840,1.442,1199127564958,-1.021,-213079062,17379482203,4821427935,-5034506997,0.723,1200403320455
881169,贵金属,-1.288,-974977,46227164,16144015,-17118992,1.554,315821308128,1.742,260915778,7259277457,2095133380,-1834217602,0.903,322516525292
881170,小金属,-0.602,-15628053,103809892,21274144,-36902197,1.511,813753140978,-1.555,-457707329,14392901309,3371205477,-3828912806,0.756,808479373779
881171,自动化设备,-0.363,3700523,79822786,20525909,-16825386,1.639,629081976205,-2.192,-653615758,11707649391,2081641793,-2735257551,0.782,619932559321
881172,电子化学品,-0.167,1728973,23892980,7167292,-5438319,1.23,191891802890,-1.289,55425360,4740976756,843699089,-788273729,1.019,189937722145
881173,小家电,0.887,13686214,85261667,48241077,-34554863,14.03,231999277859,-0.356,59986312,3047672360,679249965,-619263653,1.039,230419370835
881174,厨卫电器,-0.42,-280283,9015222,1915122,-2195405,1.408,61423375729,-2.356,-42868809,1190157763,171156797,-214025606,0.646,60207303385
881175,医疗服务,0.459,4071661,68984857,19991479,-15919818,1.476,569827428633,1.186,-188313613,13072012066,3007105090,-3195418703,0.938,564767276178
881176,房地产服务,-1.701,-2221309,27743381,5168448,-7389757,2.781,31967400648,-4.52,-83626577,1147662279,148642918,-232269495,0.67,31103179547
881177,互联网电商,-0.804,-2200895,17406681,3755208,-5956103,1.388,83954038409,-2.77,-131274920,1816451629,333916112,-465191032,0.722,82406554097
881178,教育,-0.937,2207665,9792631,2601149,-393484,2.007,70254447051,-2.142,-99627827,1410351537,219706816,-319334643,0.717,69191604163
881179,其他社会服务,-0.401,-4818707,21580477,3259893,-8078600,1.236,122415432903,-1.283,38141486,3737780243,654801569,-616660083,0.988,121314801725
881180,石油加工贸易,-0.144,-23636,49658790,14535575,-14559211,1.937,2595906000401,-1.543,-18671575,5832698328,1816207403,-1834878978,0.781,2606976370261
881181,环保,-0.196,-190011,85458050,15313673,-15503684,6.148,606794521464,-1.115,-93150616,8314809666,1284828165,-1377978781,0.857,601863594938
881182,美容护理,-0.215,923225,21422036,3482080,-2558855,2.148,255057539539,-0.903,-124785049,3116354514,453016854,-577801903,0.879,251611636504
