股票代码,板块名称,当前涨幅_0930,净额_0930,成交额_0930,主力买_0930,主力卖_0930,量比_0930,流通市值_0930,当前涨幅_1500,净额_1500,成交额_1500,主力买_1500,主力卖_1500,量比_1500,流通市值_1500
881101,种植业与林业,0.062,-972066,12339973,2146394,-3118460,3.44,116983493973,-1.681,-27403438,803920985,80134528,-107537966,0.818,115976245926
881102,养殖业,0.507,1199218,40667524,14894122,-13694904,3.171,394595801456,2.133,101201559,4786391912,1350279774,-1249078215,1.191,404670987216
881103,农产品加工,-0.227,-3149054,31911769,1854547,-5003601,3.288,274357024130,-0.528,-29333179,3246462279,518555276,-547888455,1.008,274818180756
881104,农业服务,0.302,350316,5695098,1003738,-653422,5.238,49694408714,-1.513,-23879924,483003204,41726175,-65606099,0.871,48812300910
881105,煤炭开采加工,-0.009,-2606560,23837015,2532361,-5138921,0.781,1587479629488,0.693,163731744,7325659388,1627612483,-1463880739,0.888,1632001177387
881106,石油矿业开采,-0.172,-5160775,17821478,2174976,-7335751,2.045,1787939357662,-0.728,49591964,2271587880,765439412,-715847448,0.934,1824818598158
881108,化学原料,-0.169,-1750010,19096415,2456496,-4206506,1.119,510992618582,-1.472,-61898148,3019069545,412110056,-474008204,0.79,508114160370
881109,化学制品,0.019,6036492,167020223,48118067,-42081575,2.134,1622993762635,-1.553,-208124860,14346951629,2093731583,-2301856443,0.772,1611646965856
881110,化工合成材料,0.076,-8536919,70622114,11549946,-20086865,2.121,465924465959,-1.797,-197447966,6262674950,756057458,-953505424,0.918,459136307612
881111,化工新材料,-0.5,825701,12676452,1936784,-1111083,1.549,419922156321,-2.679,13164911,1940800199,319608108,-306443197,0.674,412319416082
881112,钢铁,-0.139,-564249,16165205,1605021,-2169270,1.353,708858443266,-0.233,-14715112,3535202753,817312914,-832028026,0.869,712208552015
881113,有色冶炼加工,-0.519,-13486417,266532411,91816740,-105303157,2.666,2091388050621,-0.387,-766211869,29456437067,7847887540,-8614099409,0.97,2117337265035
881114,金属新材料,0.076,647417,7447365,647417,0,0.948,115668070496,-1.122,-37767897,1656327643,180258757,-218026654,0.836,114400009875
881115,建筑材料,-0.027,-4833532,30173560,2953256,-7786788,2.847,511529554668,-1.37,-82299322,3776489778,429624788,-511924110,0.829,508927774173
881116,建筑装饰,-0.424,-4692194,99874332,17722430,-22414624,2.239,1287900429956,-1.523,-312042557,9917994505,1751514621,-2063557178,0.814,1287131871171
881117,通用设备,-0.172,-4240985,91532412,20107760,-24348745,2.785,548940613085,-2.238,-422892643,8788979603,937589846,-1360482489,0.838,538056990194
881118,专用设备,-0.195,-2021231,87775821,13986788,-16008019,1.494,1102961716918,-1.814,-319178936,12074650233,1445440075,-1764619011,0.798,1094161098804
881119,仪器仪表,-0.321,-2473184,13509092,3528416,-6001600,0.893,106263190596,-1.906,-79188692,1873008925,239027246,-318215938,0.609,104634823891
881120,电力设备,-0.491,10352909,463606046,142448541,-132095632,1.877,3698264816110,-2.356,-1815835507,44370161886,7262532070,-9078367577,0.819,3663139493152
881122,光学光电子,-0.351,-38067570,210511083,80958256,-119025826,3.949,764443404356,-1.854,-1535900765,17218224673,4211135820,-5747036585,1.257,748980338503
881124,消费电子,-0.46,-15120339,260415267,114203990,-129324329,1.648,1575171190752,-2.209,-1447248025,24068820021,5146703824,-6593951849,0.705,1561337422322
881126,汽车零部件,-0.165,13909515,337900614,107936573,-94027058,3.471,1362645721314,-1.668,-479014630,25060017683,3948470531,-4427485161,1.012,1353605181378
881127,非汽车交运,-0.391,-939858,11908281,0,-939858,1.098,431168512242,-0.403,-89436929,2778958367,436327121,-525764050,0.753,432712628636
881128,汽车服务及其他,-0.307,5420070,45756892,18638206,-13218136,8.054,53821986673,-1.451,-149534895,2219301017,452020528,-601555423,1.276,53200403647
881129,通信设备,-0.086,-13056249,174066807,72185978,-85242227,1.644,880462893044,-1.553,-805895450,16650680000,3616600832,-4422496282,0.698,874831964037
881131,白色家电,-0.16,974706,25482644,3315916,-2341210,1.508,1026474680389,-1.358,-88099812,5638558483,1257609854,-1345709666,0.946,1019951646449
881132,黑色家电,0.216,425849,4235771,904303,-478454,0.924,105538032718,-1.499,-35578193,876465476,116532492,-152110685,0.67,104250943016
881133,饮料制造,-0.16,-1059824,79577737,28119708,-29179532,2.11,3561124627316,-0.599,-286553370,10719127482,2456355899,-2742909269,0.827,3574308487405
881134,食品加工制造,-0.098,1558881,34095357,4776440,-3217559,2.218,805455301875,-0.754,-36833033,4042507777,528861656,-565694689,0.755,803443646093
881135,纺织制造,0.763,6892405,36980907,26797549,-19905144,5.651,169841490289,-0.226,-6942434,1255869773,222654184,-229596618,1.039,167453050934
881136,服装家纺,0.4,3306593,27732991,15826154,-12519561,3.413,224817697088,-0.05,48651883,2213177662,334547124,-285895241,0.975,224004591843
881137,造纸,-0.041,364800,3645314,364800,0,0.734,133313374780,-1.485,-41029277,877367580,94493313,-135522590,0.742,132398839152
881138,包装印刷,-0.137,1005166,19377858,2585022,-1579856,2.997,132997756114,-2.006,-41757493,1869845042,192360323,-234117816,0.907,130380569854
881139,家居用品,-0.058,1301187,43165031,4985812,-3684625,3.428,465006034203,-1.717,-83192027,4267323595,405620606,-488812633,0.958,458703294237
881140,化学制药,-0.117,-5308240,83908459,15170527,-20478767,1.844,1346742110189,-1.879,-312668730,11927382326,1808624814,-2121293544,0.782,1335159373234
881141,中药,-0.499,1229991,44299062,10126684,-8896693,2.388,839144009621,-0.899,-328394746,6544020992,928196546,-1256591292,0.827,841655457979
881142,生物制品,-0.237,1437592,21729128,5705828,-4268236,0.967,617796035559,-1.58,-224571524,4345427261,569001185,-793572709,0.745,616933675995
881143,医药商业,-0.187,-641329,9252292,305386,-946715,0.939,248879914452,-1.297,-19327697,1788468809,178417016,-197744713,0.849,247516817778
881144,医疗器械,-0.301,-1936400,38680893,7489470,-9425870,3.556,1079787749155,-2.205,-150512053,5921239547,690467856,-840979909,0.815,1066790712487
881145,电力,-0.32,-18371208,111944167,24581670,-42952878,1.31,2923913537201,-1.168,221905272,15349419586,4060103021,-3838197749,0.76,2957642796855
881146,燃气,-0.33,1408553,9816143,2660340,-1251787,2.158,185812036664,-1.068,-12175272,980695354,100133856,-112309128,0.875,185446404841
881147,环保工程,-0.08,-977999,18232178,333789,-1311788,1.801,330912400540,-1.838,-40192821,2656675103,315525450,-355718271,0.785,327622526374
881148,港口航运,-0.398,-598572,32098467,12456065,-13054637,1.354,832383756118,-0.665,-70228036,4323037802,1032177839,-1102405875,0.809,836065065420
881149,公路铁路运输,0.223,10826920,123934461,70007616,-59180696,7.854,755156432443,0.892,-91846806,4827028332,1356345781,-1448192587,1.237,763742021859
881150,公交,1.432,10076346,117996948,69535116,-59458770,21.944,28673273071,1.673,-129839178,2398734786,691942253,-821781431,1.873,28827802598
881151,机场航运,-0.525,-1939898,15602337,2051348,-3991246,2.902,480445335314,-0.713,-44491987,2086870404,503477224,-547969211,0.768,479369563473
881152,物流,0.001,-180257,18756679,2887183,-3067440,1.515,520007855808,-0.503,-29431458,3328806298,435863323,-465294781,1.054,519185529362
881153,房地产,-0.478,-6152801,129561412,32274772,-38427573,3.671,833423774760,-2.26,-296095933,7694790057,1550244960,-1846340893,0.816,824928520838
881154,园区开发,-0.014,1292440,4771338,1964353,-671913,1.563,119004672289,-1.829,-34092532,717074111,115576801,-149669333,0.772,118166579680
881155,银行,0.017,431600,102035424,40238757,-39807157,1.266,8066529494964,0.742,242845710,18167352282,7546407079,-7303561369,1.01,8180862600502
881156,保险,-0.08,-857278,28756731,6430533,-7287811,1.513,1950564443195,-0.875,-102267959,4561388172,976805355,-1079073314,0.822,1954896353220
881157,证券,-0.214,-4152792,40973411,5599111,-9751903,0.932,2082413349442,-0.287,-467047157,7828510967,1768593621,-2235640778,0.629,2085869016343
881158,零售,-0.323,-2990041,90204497,32540901,-35530942,3.63,497476047493,-1.414,-103503064,4973144799,933762606,-1037265670,0.891,495686377960
881159,贸易,-0.871,18452119,56341975,33803322,-15351203,36.568,63315767188,-2.527,-5057754,673457617,103925330,-108983084,1.32,62649522003
881160,旅游及酒店,-0.639,-2462078,42525875,9660493,-12122571,4.952,104295215128,-2.574,-108713960,2330340318,332451773,-441165733,1.058,102205048185
881161,酒店及餐饮,-0.591,600672,14734547,3921064,-3320392,4.839,58594439261,-1.636,-33643018,1023904449,152371704,-186014722,1.054,58814666831
881162,通信服务,-0.239,-992269,33070495,6242466,-7234735,1.953,508722576937,-2.144,96489732,5427928116,1206232198,-1109742466,0.913,509125298670
881163,计算机应用,-0.32,24984898,231141996,67186110,-42201212,1.702,1563456219080,-2.367,-1376859448,26510303079,3823312675,-5200172123,0.793,1538251713824
881164,文化传媒,-0.205,-434272,99207740,19187493,-19621765,1.677,976708010676,-0.428,-31808816,16255731975,2676429068,-2708237884,0.995,974078925380
881165,综合,0.045,-312018,9054390,0,-312018,2.531,170686622580,-1.265,-20292420,1111492134,162889961,-183182381,0.786,168948723759
881166,军工装备,0.13,-24967317,218554264,82071716,-107039033,2.536,1701995465597,-0.812,-431480148,18591897838,3856432752,-4287912900,0.993,1695005803549
881167,非金属材料,-0.781,-1208443,6110534,0,-1208443,1.488,63333815135,-1.528,-55956270,812529578,85156119,-141112389,0.762,62674619862
881168,工业金属,-0.392,-5700643,144243531,46479717,-52180360,2.526,1182692461253,-0.402,-392193217,15713072346,3923604555,-4315797772,0.902,1195139787604
881170,小金属,-0.579,5886838,126966408,50453031,-44566193,3.414,708033553150,-0.796,-70148572,11532199138,3141323652,-3211472224,1.124,712634847971
881171,自动化设备,-0.433,68194,53311218,10144175,-10075981,1.47,519688423598,-2.006,-333329475,7600034081,1094865213,-1428194688,0.763,514047023390
881172,电子化学品,-0.064,1421308,30891562,9559812,-8138504,1.437,189493692158,-1.272,-152873073,4592628200,668316694,-821189767,0.752,187662113905
881173,小家电,-0.573,-863928,17282152,5696587,-6560515,1.97,190621777579,-1.668,10894456,2224319819,411475845,-400581389,0.843,187667355052
881174,厨卫电器,-1.162,-1960503,5152810,1059240,-3019743,4.085,51220852873,-2.06,-5099525,352632924,29621346,-34720871,0.957,50731159599
881175,医疗服务,-0.679,-2950992,66090602,10695477,-13646469,2.575,475399843472,-2.762,-394545077,5334243479,802728315,-1197273392,0.792,467424924764
881176,房地产服务,-2.082,-106319,37007631,8613985,-8720304,7.491,31540783933,-3.67,-138682113,1462240940,265760644,-404442757,1.154,31376660277
881177,互联网电商,-0.159,-669276,15533160,2066851,-2736127,4.736,68155956664,-2.089,-46470170,918643355,65383676,-111853846,0.866,66894968802
881178,教育,-0.44,429000,6775489,429000,0,2.167,52436954962,-1.966,-50038950,962115639,112783203,-162822153,0.723,51919250042
881179,其他社会服务,-0.358,3617584,19494962,3617584,0,2.061,103073080645,-1.965,-90811920,1889357339,190118447,-280930367,0.755,101308439627
881180,石油加工贸易,-0.043,-4162955,23679282,6134435,-10297390,1.437,2584822567305,-1.101,26377876,3979173346,1383374677,-1356996801,1.03,2634069446711
881181,环境治理,0.029,1290757,44896091,7697407,-6406650,2.309,540808538738,-1.605,-36835972,4819520350,574330441,-611166413,0.878,536494469045
881182,美容护理,-0.456,-503028,7795395,319351,-822379,1.131,212033414517,-1.767,-71366602,1309387553,91900286,-163266888,0.706,209519734204
